0 	3.5441e-09 	0 	0 	0 	0 	
0.03 	3.54411e-09 	7.50567e-11 	7.50235e-11 	0.00962497 	0.00962497 	
0.06 	3.54411e-09 	1.48511e-10 	1.48488e-10 	0.0192441 	0.0192441 	
0.12 	3.54411e-09 	2.92337e-10 	2.92283e-10 	0.0384722 	0.0384722 	
0.24 	3.5441e-09 	5.62075e-10 	5.62039e-10 	0.0768697 	0.0768697 	
0.48 	3.54407e-09 	1.037e-09 	1.03703e-09 	0.153432 	0.153432 	
0.96 	3.5441e-09 	1.77675e-09 	1.77671e-09 	0.30557 	0.30557 	
1.92 	3.54411e-09 	2.68569e-09 	2.68565e-09 	0.605294 	0.605294 	
3.84 	3.5441e-09 	3.38799e-09 	3.38797e-09 	1.16936 	1.16936 	
6.84 	3.54411e-09 	3.55018e-09 	3.55023e-09 	1.69552 	1.69552 	
9.84 	3.5441e-09 	3.54386e-09 	3.54382e-09 	1.80256 	1.80256 	
12.7805 	3.54409e-09 	3.54419e-09 	3.54419e-09 	1.79986 	1.79986 	
15.7805 	3.54412e-09 	3.54402e-09 	3.54403e-09 	1.8 	1.8 	
18.7805 	3.5441e-09 	3.5441e-09 	3.54411e-09 	1.80001 	1.80001 	
21.7805 	3.54409e-09 	3.54411e-09 	3.54409e-09 	1.79999 	1.79999 	
24.7805 	3.54411e-09 	3.54409e-09 	3.54412e-09 	1.80001 	1.80001 	
27.7805 	3.54411e-09 	3.54412e-09 	3.54409e-09 	1.79999 	1.79999 	
30.7805 	3.5441e-09 	3.5441e-09 	3.54411e-09 	1.80001 	1.80001 	
33.7805 	3.54409e-09 	3.5441e-09 	3.54409e-09 	1.79999 	1.79999 	
36.7805 	3.54411e-09 	3.5441e-09 	3.5441e-09 	1.80001 	1.80001 	
39.7805 	3.5441e-09 	3.5441e-09 	3.54411e-09 	1.79999 	1.79999 	
42.7805 	3.54412e-09 	3.5441e-09 	3.54411e-09 	1.80001 	1.80001 	
45.7805 	3.5441e-09 	3.54411e-09 	3.54408e-09 	1.79999 	1.79999 	
48.7805 	3.54409e-09 	3.54409e-09 	3.54412e-09 	1.80001 	1.80001 	
50 	3.54408e-09 	3.54418e-09 	3.54415e-09 	1.79999 	1.79999 	
50.1 	3.54409e-09 	3.54416e-09 	3.54417e-09 	1.8 	1.8 	
50.3 	3.5441e-09 	3.54417e-09 	3.54417e-09 	1.8 	1.8 	
50.566 	3.54414e-09 	3.54419e-09 	3.54421e-09 	1.8 	1.8 	
50.8502 	3.54412e-09 	3.54421e-09 	3.54419e-09 	1.8 	1.8 	
51 	3.5441e-09 	3.54412e-09 	3.54493e-09 	1.8 	1.8 	
51.0261 	3.54408e-09 	3.54414e-09 	3.55733e-09 	1.80001 	1.8 	
51.0784 	3.54405e-09 	3.54416e-09 	3.5262e-09 	1.80001 	1.79999 	
51.1457 	3.54407e-09 	3.54413e-09 	3.5308e-09 	1.80002 	1.80001 	
51.2222 	3.54409e-09 	3.54406e-09 	3.4812e-09 	1.79997 	1.80002 	
51.2734 	3.54409e-09 	3.54413e-09 	3.04514e-09 	1.79973 	1.79988 	
51.3223 	3.5441e-09 	3.54421e-09 	3.18604e-09 	1.79919 	1.79935 	
51.3862 	3.54412e-09 	3.54421e-09 	1.29524e-08 	1.80195 	1.80108 	
51.4474 	3.54403e-09 	3.54353e-09 	-5.37441e-09 	1.80802 	1.80609 	
51.4931 	3.54399e-09 	3.54287e-09 	-1.01999e-07 	1.80846 	1.8093 	
51.5499 	3.5448e-09 	3.54898e-09 	-7.30221e-08 	1.79837 	1.80399 	
51.6094 	3.54299e-09 	3.53888e-09 	-6.65107e-08 	1.78152 	1.78929 	
51.6808 	3.54637e-09 	3.55997e-09 	1.29652e-06 	1.75921 	1.76756 	
51.7829 	3.53905e-09 	3.50695e-09 	9.55508e-07 	1.72644 	1.73499 	
51.882 	3.55211e-09 	3.58889e-09 	-1.71692e-06 	1.69453 	1.7031 	
51.9948 	3.53694e-09 	3.5205e-09 	-2.76683e-05 	1.65823 	1.66681 	
52.0992 	3.54898e-09 	3.563e-09 	0.000110602 	1.6247 	1.63328 	
52.2104 	3.53623e-09 	3.47896e-09 	0.000112615 	1.58903 	1.59759 	
52.2843 	3.56492e-09 	3.68995e-09 	-0.00280333 	1.56536 	1.57393 	
52.3541 	3.51678e-09 	3.40225e-09 	-0.00159232 	1.54306 	1.55162 	
52.4223 	3.56436e-09 	3.61901e-09 	0.0138183 	1.52126 	1.52981 	
52.4933 	3.53774e-09 	3.52118e-09 	0.0365025 	1.49862 	1.50716 	
52.5972 	3.54245e-09 	3.54393e-09 	0.069757 	1.4655 	1.47403 	
52.7022 	3.55061e-09 	3.55584e-09 	0.103301 	1.43212 	1.44063 	
52.9121 	3.53583e-09 	3.52908e-09 	0.170178 	1.36556 	1.37405 	
53.3319 	3.55301e-09 	3.56045e-09 	0.303202 	1.23329 	1.24171 	
54.1716 	3.53485e-09 	3.52712e-09 	0.565779 	0.973222 	0.981447 	
55.8509 	3.55346e-09 	3.56134e-09 	1.06917 	0.505848 	0.512276 	
58.3958 	3.53464e-09 	3.52678e-09 	1.60174 	0.100842 	0.103188 	
60.82 	3.55364e-09 	3.56161e-09 	1.77837 	0.00998819 	0.0102878 	
61.6004 	3.53432e-09 	3.52602e-09 	1.78814 	0.00562075 	0.00579225 	
62.4331 	3.5541e-09 	3.56251e-09 	1.79381 	0.0030317 	0.00312222 	
63.3505 	3.53394e-09 	3.52545e-09 	1.79699 	0.00152663 	0.00157439 	
65.1853 	3.55437e-09 	3.5629e-09 	1.79947 	0.000311532 	0.00031958 	
68.1853 	3.53382e-09 	3.52513e-09 	1.80003 	-1.20703e-05 	-1.10383e-05 	
71.1853 	3.55444e-09 	3.56314e-09 	1.8 	3.53786e-07 	-1.00217e-06 	
74.1853 	3.53372e-09 	3.52498e-09 	1.79999 	1.35508e-07 	1.50727e-06 	
77.1853 	3.55451e-09 	3.56332e-09 	1.80001 	-1.62768e-07 	-1.5349e-06 	
80.1853 	3.53365e-09 	3.52484e-09 	1.79999 	1.85411e-07 	1.55883e-06 	
83.1853 	3.5546e-09 	3.56343e-09 	1.80001 	-1.92455e-07 	-1.56622e-06 	
86.1853 	3.53358e-09 	3.5247e-09 	1.79999 	2.12721e-07 	1.58732e-06 	
89.1853 	3.55466e-09 	3.56358e-09 	1.80001 	-2.18207e-07 	-1.59338e-06 	
92.1853 	3.5335e-09 	3.52457e-09 	1.79999 	2.37019e-07 	1.61276e-06 	
95.1853 	3.55476e-09 	3.56369e-09 	1.80001 	-2.41158e-07 	-1.6176e-06 	
98.1853 	3.53342e-09 	3.52448e-09 	1.79999 	2.58687e-07 	1.63553e-06 	
100 	3.55481e-09 	3.56382e-09 	1.80001 	-2.67836e-07 	-1.64579e-06 	
100.1 	3.5436e-09 	3.54391e-09 	1.8 	4.87462e-08 	3.95927e-08 	
100.3 	3.54441e-09 	3.54445e-09 	1.8 	-1.67378e-08 	-9.58691e-09 	
100.566 	3.54399e-09 	3.54382e-09 	1.8 	1.55663e-08 	1.32002e-08 	
100.85 	3.54418e-09 	3.54442e-09 	1.8 	3.0806e-07 	3.93661e-10 	
101 	3.54414e-09 	3.5439e-09 	1.8 	-4.67547e-06 	5.63314e-09 	
101.026 	3.54407e-09 	3.54395e-09 	1.8 	-6.41641e-06 	5.85619e-09 	
101.079 	3.54415e-09 	3.54415e-09 	1.8 	-1.82048e-05 	4.89084e-09 	
101.163 	3.54409e-09 	3.54401e-09 	1.8 	4.04477e-05 	4.6508e-09 	
101.248 	3.5441e-09 	3.54419e-09 	1.8 	0.000264765 	4.46939e-09 	
101.336 	3.5441e-09 	3.54411e-09 	1.8 	-4.72189e-05 	4.57962e-09 	
101.408 	3.5441e-09 	3.54413e-09 	1.8 	-0.00298211 	4.42447e-09 	
101.475 	3.54413e-09 	3.54427e-09 	1.8 	-0.00216548 	4.43564e-09 	
101.536 	3.54405e-09 	3.54377e-09 	1.8 	0.0107115 	4.42054e-09 	
101.605 	3.54419e-09 	3.54443e-09 	1.8 	0.0321527 	4.72406e-09 	
101.672 	3.54408e-09 	3.54413e-09 	1.8 	0.0536576 	5.24095e-09 	
101.746 	3.54409e-09 	3.54385e-09 	1.8 	0.0772771 	5.02838e-09 	
101.873 	3.54417e-09 	3.54443e-09 	1.8 	0.117878 	6.04125e-09 	
102 	3.54404e-09 	3.54388e-09 	1.8 	0.158437 	-6.74205e-08 	
102.014 	3.54408e-09 	3.54403e-09 	1.8 	0.162951 	-1.3096e-07 	
102.043 	3.54412e-09 	3.54419e-09 	1.8 	0.171984 	-2.65269e-07 	
102.094 	3.54411e-09 	3.54414e-09 	1.8 	0.188171 	6.71326e-07 	
102.145 	3.54411e-09 	3.54405e-09 	1.8 	0.204384 	1.57603e-06 	
102.18 	3.54411e-09 	3.54402e-09 	1.8 	0.21553 	1.06419e-06 	
102.219 	3.54409e-09 	3.54407e-09 	1.8 	0.228039 	6.50747e-07 	
102.275 	3.5441e-09 	3.54409e-09 	1.8 	0.245767 	3.10802e-07 	
102.336 	3.54407e-09 	3.54408e-09 	1.8 	0.264958 	-3.32078e-06 	
102.44 	3.54408e-09 	3.54412e-09 	1.8 	0.297752 	-1.59615e-05 	
102.502 	3.54412e-09 	3.54412e-09 	1.8 	0.317616 	-3.57296e-05 	
102.56 	3.54412e-09 	3.54414e-09 	1.8 	0.336893 	9.72837e-05 	
102.629 	3.54412e-09 	3.54412e-09 	1.8 	0.355001 	0.000482733 	
102.696 	3.54412e-09 	3.54407e-09 	1.8 	0.361763 	-0.000174633 	
102.756 	3.54409e-09 	3.54403e-09 	1.8 	0.357496 	-0.00347146 	
102.816 	3.54409e-09 	3.54399e-09 	1.8 	0.347754 	-0.00246466 	
102.877 	3.54411e-09 	3.54403e-09 	1.8 	0.336511 	0.0108162 	
102.944 	3.54408e-09 	3.54412e-09 	1.8 	0.324035 	0.0319397 	
103.034 	3.54409e-09 	3.54416e-09 	1.8 	0.307665 	0.0609052 	
103.139 	3.54411e-09 	3.54414e-09 	1.8 	0.289427 	0.0944151 	
103.349 	3.5441e-09 	3.54403e-09 	1.8 	0.255493 	0.161282 	
103.769 	3.5441e-09 	3.54413e-09 	1.8 	0.197267 	0.294245 	
104.607 	3.5441e-09 	3.54414e-09 	1.8 	0.113567 	0.556778 	
106.014 	3.54411e-09 	3.54403e-09 	1.8 	0.0403897 	0.982691 	
106.973 	3.54412e-09 	3.54417e-09 	1.8 	0.0199926 	1.25091 	
107.963 	3.54409e-09 	3.54407e-09 	1.8 	0.00956498 	1.47602 	
108.942 	3.5441e-09 	3.54413e-09 	1.8 	0.00459359 	1.62633 	
110.086 	3.54408e-09 	3.5441e-09 	1.8 	0.00191589 	1.72377 	
111.685 	3.54414e-09 	3.54413e-09 	1.8 	0.000516266 	1.77967 	
113.88 	3.5441e-09 	3.54402e-09 	1.8 	5.94673e-05 	1.79801 	
116.88 	3.5441e-09 	3.54412e-09 	1.8 	-1.71649e-06 	1.80013 	
119.88 	3.54411e-09 	3.54407e-09 	1.8 	-5.35361e-07 	1.79999 	
122.88 	3.54409e-09 	3.54413e-09 	1.8 	6.33637e-07 	1.8 	
125.88 	3.54411e-09 	3.54409e-09 	1.8 	-6.27795e-07 	1.8 	
128.88 	3.5441e-09 	3.54412e-09 	1.8 	6.35654e-07 	1.8 	
131.88 	3.54409e-09 	3.54408e-09 	1.8 	-6.27009e-07 	1.8 	
134.88 	3.5441e-09 	3.54412e-09 	1.8 	6.34278e-07 	1.8 	
137.88 	3.5441e-09 	3.5441e-09 	1.8 	-6.26004e-07 	1.8 	
140.88 	3.54411e-09 	3.54411e-09 	1.8 	6.33049e-07 	1.8 	
143.88 	3.5441e-09 	3.5441e-09 	1.8 	-6.24995e-07 	1.8 	
146.88 	3.54412e-09 	3.54411e-09 	1.8 	6.31916e-07 	1.8 	
149.88 	3.5441e-09 	3.5441e-09 	1.8 	-6.24003e-07 	1.8 	
150 	3.54407e-09 	3.54416e-09 	1.8 	6.20223e-07 	1.8 	
150.023 	3.54407e-09 	3.54414e-09 	1.8 	1.39165e-08 	1.8 	
150.069 	3.54407e-09 	3.54414e-09 	1.8 	-2.27452e-09 	1.8 	
150.16 	3.54409e-09 	3.54416e-09 	1.8 	1.23213e-08 	1.8 	
150.343 	3.54409e-09 	3.54414e-09 	1.8 	-4.83983e-09 	1.8 	
150.564 	3.54406e-09 	3.54414e-09 	1.8 	1.31547e-08 	1.8 	
150.797 	3.54408e-09 	3.54419e-09 	1.8 	-3.85383e-09 	1.8 	
151 	3.54408e-09 	3.54413e-09 	1.8 	-5.22646e-08 	1.8 	
151.024 	3.54408e-09 	3.54414e-09 	1.8 	2.42962e-07 	1.8 	
151.071 	3.54407e-09 	3.54414e-09 	1.8 	1.30979e-06 	1.79999 	
151.138 	3.54409e-09 	3.54413e-09 	1.8 	1.11989e-06 	1.80001 	
151.21 	3.54411e-09 	3.54413e-09 	1.8 	2.58649e-07 	1.80002 	
151.262 	3.54411e-09 	3.54415e-09 	1.8 	-1.09982e-06 	1.79988 	
151.309 	3.5441e-09 	3.54414e-09 	1.8 	-8.901e-06 	1.79934 	
151.373 	3.54408e-09 	3.54413e-09 	1.8 	-3.15305e-05 	1.80095 	
151.44 	3.54408e-09 	3.5441e-09 	1.8 	-1.45859e-06 	1.80641 	
151.501 	3.54407e-09 	3.54407e-09 	1.8 	0.000233144 	1.80826 	
151.572 	3.54408e-09 	3.54412e-09 	1.8 	0.00050613 	1.79626 	
151.621 	3.5441e-09 	3.54411e-09 	1.8 	-0.000590204 	1.78224 	
151.676 	3.5441e-09 	3.54411e-09 	1.8 	-0.0041249 	1.76517 	
151.726 	3.54409e-09 	3.54416e-09 	1.8 	-0.00276806 	1.74934 	
151.778 	3.54411e-09 	3.54413e-09 	1.8 	0.00849125 	1.73262 	
151.841 	3.54413e-09 	3.54411e-09 	1.8 	0.0278938 	1.71233 	
151.917 	3.54411e-09 	3.54415e-09 	1.8 	0.0523527 	1.68778 	
152.024 	3.54411e-09 	3.54411e-09 	1.8 	0.0864248 	1.65351 	
152.237 	3.54409e-09 	3.54411e-09 	1.8 	0.154407 	1.58514 	
152.663 	3.54409e-09 	3.54423e-09 	1.8 	0.289582 	1.44909 	
153.516 	3.5441e-09 	3.54407e-09 	1.8 	0.556433 	1.18039 	
155.221 	3.54412e-09 	3.54409e-09 	1.8 	1.06781 	0.67128 	
157.765 	3.54408e-09 	3.54409e-09 	1.8 	1.60114 	0.1706 	
160.31 	3.54409e-09 	3.54415e-09 	1.8 	1.78272 	0.0166146 	
161.459 	3.54414e-09 	3.54408e-09 	1.8 	1.79315 	0.00694401 	
162.717 	3.5441e-09 	3.54407e-09 	1.8 	1.79755 	0.00262213 	
163.866 	3.54409e-09 	3.54408e-09 	1.8 	1.79904 	0.00108863 	
166.165 	3.54412e-09 	3.54414e-09 	1.8 	1.79993 	0.000100976 	
169.165 	3.54411e-09 	3.54407e-09 	1.8 	1.80001 	-2.8728e-06 	
172.165 	3.54409e-09 	3.54408e-09 	1.8 	1.8 	-9.77736e-07 	
175.165 	3.54412e-09 	3.54412e-09 	1.8 	1.8 	1.16069e-06 	
178.165 	3.54409e-09 	3.54409e-09 	1.8 	1.8 	-1.18027e-06 	
181.165 	3.54411e-09 	3.54412e-09 	1.8 	1.8 	1.20817e-06 	
184.165 	3.5441e-09 	3.54408e-09 	1.8 	1.8 	-1.21985e-06 	
187.165 	3.5441e-09 	3.54412e-09 	1.8 	1.8 	1.24495e-06 	
190.165 	3.54411e-09 	3.5441e-09 	1.8 	1.8 	-1.25482e-06 	
193.165 	3.5441e-09 	3.5441e-09 	1.8 	1.8 	1.27776e-06 	
196.165 	3.5441e-09 	3.5441e-09 	1.8 	1.8 	-1.28598e-06 	
199.165 	3.54412e-09 	3.54411e-09 	1.8 	1.8 	1.30706e-06 	
200 	3.54408e-09 	3.54412e-09 	1.8 	1.8 	-1.34547e-06 	
200.1 	3.54412e-09 	3.54489e-09 	1.8 	1.8 	4.98283e-08 	
200.3 	3.54381e-09 	3.5401e-09 	1.8 	1.8 	-1.47857e-08 	
200.569 	3.54491e-09 	3.55362e-09 	1.8 	1.8 	1.62641e-08 	
200.873 	3.54261e-09 	3.5291e-09 	1.8 	1.8 	-2.21609e-09 	
201 	3.54771e-09 	3.57129e-09 	1.8 	1.8 	6.22271e-09 	
201.009 	3.53519e-09 	3.49807e-09 	1.8 	1.8 	6.40844e-09 	
201.026 	3.5358e-09 	3.49263e-09 	1.8 	1.8 	5.49327e-09 	
201.061 	3.56687e-09 	3.66373e-09 	1.8 	1.8 	5.09073e-09 	
201.113 	3.53008e-09 	3.51306e-09 	1.80001 	1.8 	4.61585e-09 	
201.168 	3.53087e-09 	3.43112e-09 	1.80002 	1.8 	4.48992e-09 	
201.246 	3.56872e-09 	3.65821e-09 	1.80001 	1.8 	4.46884e-09 	
201.334 	3.51368e-09 	3.381e-09 	1.7999 	1.8 	4.4486e-09 	
201.445 	3.57686e-09 	3.6834e-09 	1.80036 	1.8 	4.35327e-09 	
201.534 	4.5772e-09 	1.50352e-08 	1.80627 	1.8 	4.33128e-09 	
201.621 	-6.90983e-09 	-9.3372e-08 	1.80358 	1.8 	4.74389e-09 	
201.696 	-7.74888e-10 	-1.33233e-07 	1.78565 	1.8 	5.26139e-09 	
201.773 	9.21772e-08 	7.73153e-07 	1.76178 	1.8 	4.90446e-09 	
201.861 	5.48078e-08 	1.33808e-06 	1.73364 	1.8 	6.06421e-09 	
201.964 	-1.14619e-07 	-6.47609e-08 	1.7003 	1.8 	-3.4896e-08 	
202 	-1.64259e-07 	-1.91659e-06 	1.68885 	1.8 	-1.49341e-07 	
202.014 	-1.73157e-07 	-3.70465e-06 	1.68442 	1.8 	-1.76483e-07 	
202.041 	-2.14717e-07 	-1.01842e-05 	1.67555 	1.8 	-2.52019e-07 	
202.089 	6.97701e-08 	-2.51191e-05 	1.66016 	1.80001 	7.21218e-07 	
202.138 	1.57045e-07 	-4.52796e-05 	1.64443 	1.80002 	1.58525e-06 	
202.174 	5.00277e-08 	7.39853e-06 	1.63302 	1.80001 	1.06697e-06 	
202.209 	3.47719e-08 	0.000150779 	1.62175 	1.80001 	6.77918e-07 	
202.259 	7.73821e-09 	0.000414002 	1.60561 	1.80001 	4.61857e-07 	
202.312 	3.31479e-09 	0.00043994 	1.58871 	1.79998 	-1.49155e-06 	
202.363 	1.10883e-08 	-0.00116776 	1.57251 	1.79996 	-7.57236e-06 	
202.417 	6.86945e-09 	-0.00439882 	1.55483 	1.79998 	-1.40882e-05 	
202.462 	-4.01496e-09 	-0.00155549 	1.53928 	1.8 	-3.10746e-05 	
202.512 	9.64509e-09 	0.0101765 	1.52116 	1.80001 	-1.83699e-05 	
202.579 	-2.66752e-09 	0.0309185 	1.4992 	1.80001 	0.000219922 	
202.651 	5.54603e-09 	0.0539259 	1.487 	1.8 	0.000535658 	
202.701 	1.27348e-08 	0.0701747 	1.48735 	1.8 	-0.000518675 	
202.757 	3.09112e-09 	0.0880016 	1.49433 	1.8 	-0.00406959 	
202.793 	-3.26177e-08 	0.0993054 	1.50042 	1.8 	-0.00447133 	
202.829 	-1.47472e-08 	0.111102 	1.50693 	1.8 	0.000937416 	
202.879 	-1.31302e-08 	0.126786 	1.51552 	1.8 	0.0141247 	
202.93 	-1.68822e-07 	0.143175 	1.52433 	1.8 	0.0302692 	
203.014 	1.85484e-07 	0.169952 	1.53831 	1.8 	0.0572026 	
203.081 	1.85376e-07 	0.191192 	1.54902 	1.8 	0.0786041 	
203.144 	-1.01549e-07 	0.21177 	1.55869 	1.8 	0.0985345 	
203.208 	-5.64374e-08 	0.233204 	1.56835 	1.8 	0.119088 	
203.267 	2.56583e-08 	0.247126 	1.57687 	1.8 	0.137783 	
203.334 	-1.87113e-08 	0.252043 	1.58629 	1.8 	0.159122 	
203.397 	-1.17351e-08 	0.247783 	1.59491 	1.8 	0.17931 	
203.463 	1.83533e-08 	0.239211 	1.6036 	1.8 	0.200377 	
203.551 	-1.5589e-08 	0.226977 	1.61465 	1.8 	0.228306 	
203.661 	1.61742e-08 	0.212219 	1.62763 	1.8 	0.262904 	
203.817 	-7.16782e-09 	0.192477 	1.6448 	1.8 	0.312201 	
204.089 	1.32978e-08 	0.161794 	1.67118 	1.8 	0.397823 	
204.633 	-5.68945e-09 	0.112934 	1.71236 	1.8 	0.567541 	
205.722 	1.26088e-08 	0.0521842 	1.7617 	1.8 	0.899169 	
206.801 	-5.29421e-09 	0.0235817 	1.78358 	1.8 	1.20757 	
207.68 	1.21464e-08 	0.0123461 	1.79173 	1.8 	1.42117 	
208.708 	-4.85167e-09 	0.00569995 	1.79636 	1.8 	1.59839 	
209.645 	1.17282e-08 	0.00283056 	1.79826 	1.8 	1.69461 	
211.112 	-4.50573e-09 	0.000873083 	1.7995 	1.8 	1.76689 	
212.723 	1.14762e-08 	0.000232834 	1.79988 	1.8 	1.79169 	
215.315 	-4.31534e-09 	7.04468e-06 	1.8 	1.8 	1.79991 	
218.315 	1.13417e-08 	4.83268e-07 	1.8 	1.8 	1.80001 	
221.315 	-4.19233e-09 	-7.68301e-07 	1.8 	1.8 	1.8 	
224.315 	1.122e-08 	7.90383e-07 	1.8 	1.8 	1.8 	
227.315 	-4.07174e-09 	-7.83119e-07 	1.8 	1.8 	1.8 	
230.315 	1.11005e-08 	7.92409e-07 	1.8 	1.8 	1.8 	
233.315 	-3.95352e-09 	-7.85227e-07 	1.8 	1.8 	1.8 	
236.315 	1.09835e-08 	7.93963e-07 	1.8 	1.8 	1.8 	
239.315 	-3.83759e-09 	-7.87008e-07 	1.8 	1.8 	1.8 	
242.315 	1.08687e-08 	7.95424e-07 	1.8 	1.8 	1.8 	
245.315 	-3.72387e-09 	-7.88571e-07 	1.8 	1.8 	1.8 	
248.315 	1.0756e-08 	7.96773e-07 	1.8 	1.8 	1.8 	
250 	-3.56942e-09 	-7.9044e-07 	1.8 	1.8 	1.8 	
250.1 	3.0573e-09 	2.62022e-10 	1.8 	1.8 	1.8 	
250.3 	3.95809e-09 	7.0057e-09 	1.8 	1.8 	1.8 	
250.566 	3.19032e-09 	2.06359e-09 	1.8 	1.8 	1.8 	
250.846 	3.88453e-09 	6.12324e-09 	1.8 	1.8 	1.8 	
251 	3.2557e-09 	2.89865e-09 	1.8 	1.8 	1.8 	
251.026 	3.49222e-09 	3.32064e-09 	1.8 	1.80001 	1.8 	
251.078 	3.58842e-09 	4.38879e-09 	1.8 	1.80001 	1.79999 	
251.147 	3.51939e-09 	4.13863e-09 	1.8 	1.80002 	1.80001 	
251.222 	3.57024e-09 	3.96421e-09 	1.8 	1.79997 	1.80001 	
251.273 	3.53919e-09 	4.15631e-09 	1.8 	1.79974 	1.79987 	
251.323 	3.55522e-09 	3.9716e-09 	1.8 	1.79918 	1.79937 	
251.383 	3.54565e-09 	4.09738e-09 	1.8 	1.80163 	1.80114 	
251.447 	3.55191e-09 	3.96518e-09 	1.8 	1.80786 	1.80638 	
251.493 	3.54702e-09 	4.04347e-09 	1.8 	1.80855 	1.80932 	
251.55 	3.5514e-09 	3.97239e-09 	1.8 	1.79864 	1.80325 	
251.61 	3.54611e-09 	3.99842e-09 	1.8 	1.78165 	1.78797 	
251.68 	3.55274e-09 	3.97331e-09 	1.80001 	1.75967 	1.76645 	
251.787 	3.53992e-09 	3.9079e-09 	1.80002 	1.72546 	1.73241 	
251.883 	3.55475e-09 	3.91729e-09 	1.79996 	1.69443 	1.70141 	
251.991 	3.51329e-09 	3.54572e-09 	1.79937 	1.6599 	1.66688 	
252.091 	4.28381e-09 	1.18882e-08 	1.80432 	1.62763 	1.63461 	
252.183 	-4.13567e-09 	-7.08232e-08 	1.80474 	1.5982 	1.60518 	
252.24 	-1.7872e-09 	-1.07595e-07 	1.7932 	1.57979 	1.58676 	
252.308 	3.03402e-08 	1.53484e-07 	1.77349 	1.55818 	1.56515 	
252.392 	1.35461e-07 	1.60125e-06 	1.74673 	1.53113 	1.53809 	
252.48 	-9.2376e-08 	5.97361e-07 	1.7184 	1.50303 	1.50998 	
252.568 	-1.15515e-07 	-2.34963e-06 	1.69031 	1.47522 	1.48217 	
252.675 	-8.2438e-08 	-3.00985e-05 	1.6557 	1.44098 	1.44792 	
252.776 	2.94793e-07 	0.000108391 	1.62341 	1.40905 	1.41599 	
252.88 	-1.92668e-07 	0.000327604 	1.58995 	1.37598 	1.3829 	
252.952 	7.17763e-08 	-0.00199876 	1.56698 	1.35328 	1.36019 	
253.02 	1.14229e-08 	-0.0027317 	1.54528 	1.33185 	1.33875 	
253.087 	-3.0276e-08 	0.00999484 	1.52387 	1.3107 	1.3176 	
253.153 	3.7192e-08 	0.0307503 	1.50278 	1.28988 	1.29677 	
253.24 	-3.17262e-08 	0.0587432 	1.47492 	1.26238 	1.26926 	
253.336 	3.68869e-08 	0.0893657 	1.44444 	1.23232 	1.23918 	
253.528 	-2.83534e-08 	0.150437 	1.38366 	1.1724 	1.17924 	
253.911 	3.39479e-08 	0.27199 	1.26278 	1.0535 	1.06027 	
254.677 	-2.64859e-08 	0.512278 	1.02453 	0.820972 	0.827512 	
256.209 	3.32071e-08 	0.977166 	0.58216 	0.421109 	0.425991 	
258.668 	-2.59653e-08 	1.53968 	0.139033 	0.0795701 	0.0811462 	
261.011 	3.28712e-08 	1.76215 	0.0176691 	0.00866427 	0.00886924 	
261.842 	-2.52846e-08 	1.77995 	0.00958726 	0.00468575 	0.004799 	
262.692 	3.18877e-08 	1.78965 	0.00510992 	0.00249242 	0.00255083 	
263.75 	-2.44184e-08 	1.79553 	0.00229354 	0.0011175 	0.00114556 	
265.867 	3.13211e-08 	1.79952 	0.000308954 	0.000149927 	0.000152251 	
268.867 	-2.41011e-08 	1.80002 	-1.1607e-05 	-5.46616e-06 	-4.3551e-06 	
271.867 	3.10583e-08 	1.80001 	-2.50392e-08 	-1.87366e-07 	-1.41844e-06 	
274.867 	-2.38405e-08 	1.79999 	5.13511e-07 	4.27139e-07 	1.66519e-06 	
277.867 	3.07993e-08 	1.80001 	-5.43567e-07 	-4.36921e-07 	-1.67521e-06 	
280.867 	-2.35831e-08 	1.79999 	5.6869e-07 	4.51541e-07 	1.691e-06 	
283.867 	3.05436e-08 	1.80001 	-5.784e-07 	-4.51546e-07 	-1.69147e-06 	
286.867 	-2.3329e-08 	1.79999 	6.0086e-07 	4.64986e-07 	1.70564e-06 	
289.867 	3.02911e-08 	1.80001 	-6.08764e-07 	-4.64213e-07 	-1.70552e-06 	
292.867 	-2.3078e-08 	1.79999 	6.29509e-07 	4.76922e-07 	1.71871e-06 	
295.867 	3.00417e-08 	1.80001 	-6.35848e-07 	-4.75476e-07 	-1.71801e-06 	
298.867 	-2.28302e-08 	1.79999 	6.55083e-07 	4.87542e-07 	1.73037e-06 	
300 	2.95929e-08 	1.80001 	-6.78022e-07 	-4.92933e-07 	-1.73732e-06 	
300.1 	2.5463e-09 	1.8 	5.70349e-08 	1.92183e-08 	9.22757e-09 	
300.3 	4.04748e-09 	1.8 	-2.49874e-08 	-3.20357e-09 	4.65126e-09 	
300.566 	3.68951e-09 	1.8 	2.41892e-08 	8.00018e-09 	5.16009e-09 	
300.847 	3.44157e-09 	1.8 	-8.20399e-09 	3.1973e-07 	5.59631e-09 	
301 	4.05348e-09 	1.8 	-1.08065e-09 	-4.67531e-06 	3.63925e-09 	
301.026 	3.49809e-09 	1.8 	1.1315e-08 	-6.51972e-06 	4.90707e-09 	
301.078 	3.59321e-09 	1.8 	1.6928e-08 	-1.85141e-05 	4.86605e-09 	
301.163 	3.6761e-09 	1.8 	3.14199e-09 	4.2861e-05 	4.71219e-09 	
301.251 	3.59093e-09 	1.8 	8.87939e-10 	0.000284417 	4.5435e-09 	
301.341 	3.66085e-09 	1.8 	-6.64619e-10 	-0.000265442 	4.61522e-09 	
301.412 	3.58795e-09 	1.8 	-2.3606e-08 	-0.00349917 	4.48869e-09 	
301.482 	3.64504e-09 	1.8 	7.50127e-08 	-0.000929788 	4.47215e-09 	
301.549 	3.58871e-09 	1.8 	-5.56726e-09 	0.0150486 	4.49438e-09 	
301.613 	3.63123e-09 	1.8 	-3.59084e-08 	0.0357007 	4.8424e-09 	
301.682 	3.58895e-09 	1.8 	6.37127e-09 	0.0577177 	5.32849e-09 	
301.757 	3.6195e-09 	1.8 	7.97724e-09 	0.0816085 	4.98744e-09 	
301.87 	3.5852e-09 	1.8 	5.3727e-09 	0.117727 	6.20661e-09 	
302 	3.60741e-09 	1.8 	3.44729e-09 	0.159151 	-6.57777e-08 	
302.014 	3.59393e-09 	1.8 	3.79356e-09 	0.163498 	-1.29565e-07 	
302.041 	3.59105e-09 	1.8 	4.09961e-09 	0.172194 	-2.67044e-07 	
302.096 	3.59219e-09 	1.8 	3.68708e-09 	0.189572 	7.07629e-07 	
302.146 	3.58866e-09 	1.8 	3.96973e-09 	0.205456 	1.56289e-06 	
302.181 	3.589e-09 	1.8 	3.78265e-09 	0.216757 	1.04372e-06 	
302.221 	3.58664e-09 	1.8 	3.91266e-09 	0.229397 	6.45898e-07 	
302.276 	3.58583e-09 	1.8 	3.78474e-09 	0.246718 	2.94309e-07 	
302.338 	3.58329e-09 	1.8 	3.87138e-09 	0.266457 	-3.61567e-06 	
302.441 	3.5811e-09 	1.8 	3.79523e-09 	0.298785 	-1.6344e-05 	
302.502 	3.57898e-09 	1.8 	3.75191e-09 	0.318601 	-3.49015e-05 	
302.561 	3.57797e-09 	1.8 	3.79073e-09 	0.337901 	0.000102857 	
302.629 	3.57597e-09 	1.8 	3.83695e-09 	0.355788 	0.000488344 	
302.689 	3.57492e-09 	1.8 	3.70698e-09 	0.362266 	5.79552e-05 	
302.745 	3.57343e-09 	1.8 	3.78399e-09 	0.359311 	-0.00262473 	
302.804 	3.57243e-09 	1.8 	3.73001e-09 	0.350211 	-0.00327987 	
302.863 	3.57109e-09 	1.8 	3.75003e-09 	0.339449 	0.00745807 	
302.922 	3.57009e-09 	1.8 	3.71899e-09 	0.328508 	0.0253956 	
303.008 	3.56843e-09 	1.8 	3.73239e-09 	0.312759 	0.0529658 	
303.099 	3.567e-09 	1.8 	3.69572e-09 	0.296657 	0.0821228 	
303.282 	3.56404e-09 	1.8 	3.70088e-09 	0.266377 	0.1403 	
303.646 	3.55946e-09 	1.8 	3.64217e-09 	0.213248 	0.256097 	
304.376 	3.55305e-09 	1.8 	3.6211e-09 	0.133084 	0.485205 	
305.834 	3.54696e-09 	1.8 	3.55181e-09 	0.0458957 	0.929918 	
306.836 	3.54535e-09 	1.8 	3.56594e-09 	0.0220073 	1.215 	
307.731 	3.54483e-09 	1.8 	3.53658e-09 	0.0113692 	1.43026 	
308.645 	3.5444e-09 	1.8 	3.55876e-09 	0.00576143 	1.58863 	
309.694 	3.54426e-09 	1.8 	3.53295e-09 	0.00260576 	1.69804 	
311.082 	3.54411e-09 	1.8 	3.55672e-09 	0.000870317 	1.76553 	
312.843 	3.54416e-09 	1.8 	3.53193e-09 	0.000193856 	1.79279 	
315.322 	3.54408e-09 	1.8 	3.55631e-09 	1.14406e-05 	1.79976 	
318.322 	3.54414e-09 	1.8 	3.53185e-09 	-9.4161e-07 	1.80002 	
321.322 	3.54407e-09 	1.8 	3.55636e-09 	5.39112e-07 	1.8 	
324.322 	3.54413e-09 	1.8 	3.53186e-09 	-5.12397e-07 	1.8 	
327.322 	3.54406e-09 	1.8 	3.55634e-09 	5.19129e-07 	1.8 	
330.322 	3.54415e-09 	1.8 	3.53187e-09 	-5.09734e-07 	1.8 	
333.322 	3.54407e-09 	1.8 	3.55633e-09 	5.16613e-07 	1.8 	
336.322 	3.54414e-09 	1.8 	3.53191e-09 	-5.07743e-07 	1.8 	
339.322 	3.54407e-09 	1.8 	3.55628e-09 	5.14413e-07 	1.8 	
342.322 	3.54413e-09 	1.8 	3.53193e-09 	-5.05846e-07 	1.8 	
345.322 	3.54406e-09 	1.8 	3.55627e-09 	5.12423e-07 	1.8 	
348.322 	3.54412e-09 	1.8 	3.53195e-09 	-5.0406e-07 	1.8 	
350 	3.5441e-09 	1.8 	3.55627e-09 	5.09943e-07 	1.8 	
350.1 	3.54411e-09 	1.8 	3.54442e-09 	7.10407e-09 	1.8 	
350.3 	3.54409e-09 	1.8 	3.54361e-09 	2.12056e-09 	1.8 	
350.566 	3.54411e-09 	1.8 	3.54466e-09 	5.36835e-09 	1.8 	
350.846 	3.54409e-09 	1.8 	3.54384e-09 	-6.68103e-09 	1.8 	
351 	3.54413e-09 	1.8 	3.54478e-09 	2.07824e-07 	1.8 	
351.026 	3.5441e-09 	1.8 	3.55059e-09 	7.28039e-07 	1.8 	
351.078 	3.54408e-09 	1.8 	3.53583e-09 	1.24506e-06 	1.79999 	
351.147 	3.5441e-09 	1.8 	3.53423e-09 	7.25813e-07 	1.80001 	
351.222 	3.54409e-09 	1.8 	3.55697e-09 	-1.6743e-06 	1.80001 	
351.273 	3.54408e-09 	1.8 	3.533e-09 	-1.14222e-05 	1.79986 	
351.323 	3.54409e-09 	1.8 	3.61796e-09 	-3.05901e-05 	1.79937 	
351.384 	3.54409e-09 	1.8 	3.47187e-09 	-1.82822e-05 	1.80118 	
351.45 	3.54409e-09 	1.8 	3.55044e-09 	0.000218236 	1.8067 	
351.509 	3.54412e-09 	1.8 	3.55306e-09 	0.000578942 	1.80826 	
351.557 	3.54412e-09 	1.8 	3.55122e-09 	3.51217e-05 	1.801 	
351.615 	3.54408e-09 	1.8 	3.5424e-09 	-0.00305551 	1.78574 	
351.664 	3.54411e-09 	1.8 	3.54459e-09 	-0.00408149 	1.77075 	
351.724 	3.54412e-09 	1.8 	3.54237e-09 	0.00623234 	1.75183 	
351.778 	3.5441e-09 	1.8 	3.54721e-09 	0.0226491 	1.73448 	
351.861 	3.5441e-09 	1.8 	3.54023e-09 	0.0493708 	1.70758 	
351.949 	3.54411e-09 	1.8 	3.54861e-09 	0.077285 	1.67953 	
352.123 	3.54408e-09 	1.8 	3.53922e-09 	0.13296 	1.62348 	
352.472 	3.54415e-09 	1.8 	3.54898e-09 	0.243816 	1.51184 	
353.17 	3.5441e-09 	1.8 	3.53919e-09 	0.463266 	1.29064 	
354.565 	3.54408e-09 	1.8 	3.54904e-09 	0.890315 	0.861072 	
357.357 	3.54412e-09 	1.8 	3.53915e-09 	1.53697 	0.238447 	
360.287 	3.54409e-09 	1.8 	3.54909e-09 	1.78869 	0.0124091 	
361.773 	3.5441e-09 	1.8 	3.53905e-09 	1.7968 	0.00378747 	
362.813 	3.54409e-09 	1.8 	3.54915e-09 	1.79862 	0.00172731 	
363.818 	3.54413e-09 	1.8 	3.53911e-09 	1.79937 	0.000807041 	
365.827 	3.54409e-09 	1.8 	3.54909e-09 	1.79992 	0.000131119 	
368.827 	3.54412e-09 	1.8 	3.53908e-09 	1.8 	-6.66954e-06 	
371.827 	3.5441e-09 	1.8 	3.54908e-09 	1.80001 	1.77958e-06 	
374.827 	3.54411e-09 	1.8 	3.53915e-09 	1.79999 	-1.57244e-06 	
377.827 	3.54409e-09 	1.8 	3.54902e-09 	1.80001 	1.5671e-06 	
380.827 	3.54411e-09 	1.8 	3.53918e-09 	1.79999 	-1.55484e-06 	
383.827 	3.5441e-09 	1.8 	3.54902e-09 	1.80001 	1.55725e-06 	
386.827 	3.54412e-09 	1.8 	3.53919e-09 	1.79999 	-1.54614e-06 	
389.827 	3.54409e-09 	1.8 	3.549e-09 	1.80001 	1.54883e-06 	
392.827 	3.5441e-09 	1.8 	3.53923e-09 	1.79999 	-1.53837e-06 	
395.827 	3.5441e-09 	1.8 	3.54898e-09 	1.80001 	1.54135e-06 	
398.827 	3.54411e-09 	1.8 	3.53923e-09 	1.79999 	-1.53141e-06 	
400 	3.54409e-09 	1.8 	3.54899e-09 	1.80001 	1.53001e-06 	
400.1 	5.5702e-08 	1.8 	3.54432e-09 	1.8 	-6.50271e-10 	
400.3 	-8.21973e-08 	1.8 	3.54404e-09 	1.8 	8.22233e-09 	
400.569 	3.79539e-08 	1.8 	3.54434e-09 	1.8 	3.534e-09 	
400.873 	-1.61747e-08 	1.8 	3.544e-09 	1.8 	6.08337e-09 	
401 	9.85501e-08 	1.8 	3.54421e-09 	1.8 	4.4249e-09 	
401.009 	-1.8313e-08 	1.8 	3.27777e-09 	1.8 	3.89478e-09 	
401.026 	-1.55125e-07 	1.8 	3.34398e-09 	1.8 	4.53078e-09 	
401.061 	5.30873e-08 	1.8 	3.96352e-09 	1.8 	4.87563e-09 	
401.113 	3.76998e-07 	1.80001 	3.55012e-09 	1.8 	4.80527e-09 	
401.168 	4.90089e-08 	1.80002 	3.34631e-09 	1.8 	4.58383e-09 	
401.246 	-1.12892e-07 	1.80001 	3.58405e-09 	1.8 	4.64167e-09 	
401.334 	-1.86694e-06 	1.7999 	3.55278e-09 	1.8 	4.54142e-09 	
401.445 	-5.15055e-06 	1.80036 	3.60584e-09 	1.8 	4.49731e-09 	
401.534 	0.000154212 	1.80627 	3.70415e-09 	1.8 	4.41681e-09 	
401.621 	-0.00080867 	1.80358 	4.32532e-09 	1.8 	4.86388e-09 	
401.696 	-0.00362144 	1.78565 	4.74442e-10 	1.8 	5.34715e-09 	
401.773 	-0.00134135 	1.76178 	-2.85345e-08 	1.8 	5.00111e-09 	
401.849 	0.0141372 	1.73749 	1.54444e-07 	1.8 	5.86122e-09 	
401.922 	0.0365733 	1.71399 	1.07775e-06 	1.8 	2.3556e-09 	
402 	0.0614948 	1.68885 	-5.93263e-07 	1.8 	-1.01416e-07 	
402.008 	0.064058 	1.68627 	-1.22518e-06 	1.8 	-1.26178e-07 	
402.024 	0.0691835 	1.68111 	-2.92843e-06 	1.8 	-1.87324e-07 	
402.056 	0.0794309 	1.67078 	-5.40853e-06 	1.8 	-2.3559e-07 	
402.11 	0.0965169 	1.65357 	-5.78802e-06 	1.80001 	9.56085e-07 	
402.159 	0.112263 	1.63771 	-1.42806e-05 	1.80002 	1.55192e-06 	
402.199 	0.125147 	1.62473 	-2.0764e-05 	1.80001 	8.77523e-07 	
402.241 	0.138425 	1.61136 	1.24886e-05 	1.80001 	5.85336e-07 	
402.294 	0.155117 	1.59454 	0.000108926 	1.8 	4.39605e-08 	
402.365 	0.177727 	1.57176 	0.000363606 	1.79996 	-5.80234e-06 	
402.441 	0.202018 	1.54728 	-0.000546719 	1.79998 	-1.58536e-05 	
402.494 	0.218745 	1.53042 	-0.00335035 	1.80001 	-3.99539e-05 	
402.549 	0.236229 	1.5128 	-0.00420664 	1.80001 	4.33006e-05 	
402.604 	0.253459 	1.49542 	-0.000853421 	1.80001 	0.00029406 	
402.645 	0.266591 	1.48218 	0.00179862 	1.8 	0.000542475 	
402.686 	0.279349 	1.46934 	0.00334508 	1.8 	0.000359219 	
402.731 	0.2938 	1.4548 	0.00402461 	1.8 	-0.00141723 	
402.782 	0.309688 	1.43886 	0.00417747 	1.8 	-0.00447645 	
402.831 	0.325211 	1.4233 	0.00413437 	1.8 	-0.000855627 	
402.877 	0.339609 	1.4086 	0.00403553 	1.8 	0.0103488 	
402.948 	0.361842 	1.3845 	0.00385792 	1.8 	0.0323679 	
403.019 	0.384113 	1.35897 	0.00366829 	1.8 	0.0553258 	
403.086 	0.405166 	1.34149 	0.00350063 	1.8 	0.0765496 	
403.151 	0.42612 	1.33547 	0.00333945 	1.8 	0.0973098 	
403.219 	0.441732 	1.34261 	0.0031822 	1.8 	0.118995 	
403.274 	0.439301 	1.35506 	0.00305556 	1.8 	0.136733 	
403.329 	0.428344 	1.36785 	0.00293919 	1.8 	0.154211 	
403.39 	0.414913 	1.38177 	0.002812 	1.8 	0.173484 	
403.453 	0.401123 	1.39595 	0.00268919 	1.8 	0.193518 	
403.579 	0.374491 	1.42339 	0.00245392 	1.8 	0.233531 	
403.831 	0.325049 	1.47439 	0.00204734 	1.8 	0.313261 	
404.307 	0.245473 	1.55658 	0.00144695 	1.8 	0.462549 	
405.258 	0.133031 	1.6717 	0.000709878 	1.8 	0.755958 	
406.535 	0.0534972 	1.75111 	0.000261105 	1.8 	1.13142 	
408.129 	0.0151975 	1.78725 	7.18321e-05 	1.8 	1.50088 	
409.65 	0.00449881 	1.79654 	1.96692e-05 	1.8 	1.69438 	
411.194 	0.00127995 	1.79909 	6.87999e-06 	1.8 	1.76923 	
413.47 	0.00013228 	1.79994 	-4.01959e-07 	1.8 	1.79744 	
416.47 	-9.70077e-06 	1.8 	9.73102e-07 	1.8 	1.80016 	
419.47 	4.8467e-06 	1.8 	-9.8528e-07 	1.8 	1.79999 	
422.47 	-4.65299e-06 	1.79999 	9.96072e-07 	1.8 	1.8 	
425.47 	4.64788e-06 	1.80001 	-9.88195e-07 	1.8 	1.8 	
428.47 	-4.64456e-06 	1.79999 	9.96884e-07 	1.8 	1.8 	
431.47 	4.64667e-06 	1.80001 	-9.89683e-07 	1.8 	1.8 	
434.47 	-4.6433e-06 	1.79999 	9.97811e-07 	1.8 	1.8 	
437.47 	4.64508e-06 	1.80001 	-9.90923e-07 	1.8 	1.8 	
440.47 	-4.64137e-06 	1.79999 	9.98738e-07 	1.8 	1.8 	
443.47 	4.64283e-06 	1.80001 	-9.92004e-07 	1.8 	1.8 	
446.47 	-4.63881e-06 	1.79999 	9.99618e-07 	1.8 	1.8 	
449.47 	4.63997e-06 	1.80001 	-9.92963e-07 	1.8 	1.8 	
450 	-4.62712e-06 	1.79999 	1.00217e-06 	1.8 	1.8 	
450.066 	-2.38012e-07 	1.8 	-1.92982e-08 	1.8 	1.8 	
450.197 	1.59013e-07 	1.8 	1.11927e-08 	1.8 	1.8 	
450.459 	-1.04054e-07 	1.8 	1.34235e-09 	1.8 	1.8 	
450.736 	1.14955e-07 	1.8 	6.95253e-09 	1.8 	1.8 	
450.937 	-7.76998e-08 	1.8 	3.58989e-09 	1.8 	1.8 	
451 	7.52351e-08 	1.8 	3.99201e-09 	1.8 	1.8 	
451.016 	1.00231e-08 	1.8 	4.70926e-09 	1.8 	1.8 	
451.048 	1.26916e-09 	1.8 	4.54245e-09 	1.80001 	1.79999 	
451.113 	1.63364e-08 	1.8 	4.4223e-09 	1.80002 	1.80001 	
451.177 	5.28749e-09 	1.8 	4.49521e-09 	1.80002 	1.80003 	
451.227 	1.39019e-08 	1.8 	4.40567e-09 	1.80001 	1.79995 	
451.273 	6.59863e-09 	1.8 	4.01289e-09 	1.79991 	1.7996 	
451.323 	1.20956e-08 	1.8 	4.09083e-09 	1.7995 	1.79962 	
451.377 	7.27004e-09 	1.8 	5.99078e-09 	1.79965 	1.80241 	
451.436 	1.08781e-08 	1.8 	1.5556e-08 	1.80358 	1.8076 	
451.501 	7.40707e-09 	1.8 	-4.54195e-08 	1.80898 	1.80651 	
451.552 	9.89142e-09 	1.8 	-9.79676e-08 	1.80476 	1.79652 	
451.605 	7.51609e-09 	1.8 	-1.04683e-07 	1.79213 	1.78148 	
451.683 	9.11788e-09 	1.8 	5.5676e-07 	1.76875 	1.75729 	
451.763 	7.23188e-09 	1.8 	1.54412e-06 	1.74339 	1.73185 	
451.853 	8.3882e-09 	1.8 	2.98368e-07 	1.71434 	1.70282 	
451.935 	6.88622e-09 	1.8 	-4.44473e-06 	1.68781 	1.67632 	
452.041 	7.71786e-09 	1.8 	-3.87406e-05 	1.65366 	1.6422 	
452.152 	6.42157e-09 	1.8 	0.000209157 	1.61811 	1.60668 	
452.253 	7.10596e-09 	1.8 	-0.000439539 	1.58581 	1.5744 	
452.318 	6.17086e-09 	1.8 	-0.00382883 	1.56488 	1.55349 	
452.382 	6.68368e-09 	1.8 	-0.00123728 	1.54461 	1.53323 	
452.445 	6.00398e-09 	1.8 	0.0143357 	1.5242 	1.51284 	
452.518 	6.36698e-09 	1.8 	0.0375917 	1.50092 	1.48957 	
452.609 	5.74093e-09 	1.8 	0.066726 	1.47191 	1.46059 	
452.73 	5.97217e-09 	1.8 	0.105387 	1.43342 	1.42213 	
452.972 	5.20508e-09 	1.8 	0.18247 	1.35669 	1.34546 	
453.456 	5.05251e-09 	1.8 	0.335615 	1.20442 	1.19332 	
454.424 	3.97897e-09 	1.8 	0.637156 	0.906292 	0.895589 	
456.361 	3.85267e-09 	1.8 	1.20046 	0.402918 	0.395414 	
459.361 	3.34405e-09 	1.8 	1.70748 	0.0377588 	0.0361425 	
460.317 	3.73591e-09 	1.8 	1.75473 	0.0187003 	0.017885 	
461.111 	3.35102e-09 	1.8 	1.77527 	0.0104433 	0.00998714 	
461.847 	3.73306e-09 	1.8 	1.78591 	0.00608942 	0.0058206 	
463.123 	3.35552e-09 	1.8 	1.79506 	0.00225884 	0.00216052 	
464.899 	3.73145e-09 	1.8 	1.79902 	0.000498489 	0.0004752 	
467.402 	3.35734e-09 	1.8 	1.79998 	2.42208e-05 	2.43751e-05 	
470.402 	3.73035e-09 	1.8 	1.8 	3.19472e-07 	-9.02545e-07 	
473.402 	3.35839e-09 	1.8 	1.8 	-1.2646e-06 	-4.40935e-10 	
476.402 	3.72928e-09 	1.8 	1.8 	1.30083e-06 	3.74524e-08 	
479.402 	3.35946e-09 	1.8 	1.8 	-1.2875e-06 	-2.34408e-08 	
482.402 	3.7282e-09 	1.8 	1.8 	1.28692e-06 	2.45442e-08 	
485.402 	3.36054e-09 	1.8 	1.8 	-1.27296e-06 	-1.02939e-08 	
488.402 	3.72713e-09 	1.8 	1.8 	1.27315e-06 	1.18144e-08 	
491.402 	3.36161e-09 	1.8 	1.8 	-1.25996e-06 	1.51761e-09 	
494.402 	3.72605e-09 	1.8 	1.8 	1.26088e-06 	5.03581e-10 	
497.402 	3.36267e-09 	1.8 	1.8 	-1.24837e-06 	1.20795e-08 	
500 	3.72492e-09 	1.8 	1.8 	1.24914e-06 	-1.03061e-08 	
500.1 	3.54006e-09 	1.8 	1.8 	2.72159e-08 	2.67616e-08 	
500.3 	3.54595e-09 	1.8 	1.8 	-1.01641e-08 	-5.97735e-09 	
500.566 	3.54501e-09 	1.8 	1.8 	1.39116e-08 	9.73893e-09 	
500.847 	3.54325e-09 	1.8 	1.8 	3.15002e-07 	6.75627e-10 	
501 	3.54664e-09 	1.8 	1.8 	-4.67359e-06 	5.16158e-09 	
501.026 	3.54397e-09 	1.8 	1.8 	-6.5182e-06 	4.6404e-09 	
501.078 	3.54434e-09 	1.8 	1.8 	-1.85117e-05 	4.12101e-09 	
501.163 	3.54465e-09 	1.8 	1.8 	4.28564e-05 	3.96606e-09 	
501.251 	3.54431e-09 	1.8 	1.8 	0.000284378 	3.83236e-09 	
501.341 	3.54459e-09 	1.8 	1.8 	-0.00026497 	3.96725e-09 	
501.412 	3.54425e-09 	1.8 	1.8 	-0.00349816 	3.85424e-09 	
501.482 	3.54453e-09 	1.8 	1.8 	-0.000932905 	3.88607e-09 	
501.549 	3.54419e-09 	1.8 	1.8 	0.0150479 	3.92012e-09 	
501.613 	3.54462e-09 	1.8 	1.8 	0.0356967 	4.30801e-09 	
501.682 	3.54415e-09 	1.8 	1.8 	0.0577095 	4.80823e-09 	
501.757 	3.54441e-09 	1.8 	1.8 	0.0815978 	4.50499e-09 	
501.87 	3.54432e-09 	1.8 	1.8 	0.117704 	5.74984e-09 	
501.987 	3.54431e-09 	1.8 	1.8 	0.155011 	-5.81129e-08 	
502 	3.5443e-09 	1.8 	1.8 	0.159147 	-1.22934e-07 	
502.012 	3.54432e-09 	1.8 	1.8 	0.163088 	-1.60009e-07 	
502.037 	3.54432e-09 	1.8 	1.8 	0.170964 	-2.68569e-07 	
502.087 	3.54427e-09 	1.8 	1.8 	0.186705 	5.69686e-07 	
502.135 	3.54427e-09 	1.8 	1.8 	0.201913 	1.57126e-06 	
502.17 	3.54428e-09 	1.8 	1.8 	0.213185 	1.14408e-06 	
502.205 	3.54429e-09 	1.8 	1.8 	0.224384 	7.16707e-07 	
502.256 	3.54428e-09 	1.8 	1.8 	0.240377 	5.05099e-07 	
502.309 	3.54426e-09 	1.8 	1.8 	0.257152 	-1.12672e-06 	
502.415 	3.54422e-09 	1.8 	1.8 	0.290583 	-1.19204e-05 	
502.483 	3.54423e-09 	1.8 	1.8 	0.31214 	-3.72422e-05 	
502.549 	3.54426e-09 	1.8 	1.8 	0.333962 	5.81729e-05 	
502.615 	3.54426e-09 	1.8 	1.8 	0.354707 	0.000388077 	
502.692 	3.54424e-09 	1.8 	1.8 	0.367301 	-0.000252613 	
502.748 	3.54421e-09 	1.8 	1.8 	0.365555 	-0.00314453 	
502.809 	3.5442e-09 	1.8 	1.8 	0.356659 	-0.00253543 	
502.874 	3.54422e-09 	1.8 	1.8 	0.344791 	0.0112037 	
502.941 	3.54422e-09 	1.8 	1.8 	0.332073 	0.03253 	
503.038 	3.54419e-09 	1.8 	1.8 	0.3143 	0.0634347 	
503.139 	3.54421e-09 	1.8 	1.8 	0.296414 	0.095726 	
503.341 	3.54417e-09 	1.8 	1.8 	0.263019 	0.160157 	
503.745 	3.54415e-09 	1.8 	1.8 	0.205301 	0.288312 	
504.553 	3.54412e-09 	1.8 	1.8 	0.121061 	0.541485 	
505.973 	3.54412e-09 	1.8 	1.8 	0.0428034 	0.971978 	
506.948 	3.54413e-09 	1.8 	1.8 	0.0209477 	1.2454 	
507.901 	3.5441e-09 	1.8 	1.8 	0.0103294 	1.46497 	
508.841 	3.54412e-09 	1.8 	1.8 	0.00512166 	1.61464 	
509.928 	3.54406e-09 	1.8 	1.8 	0.00224401 	1.71431 	
511.4 	3.5441e-09 	1.8 	1.8 	0.000689493 	1.77369 	
513.326 	3.54411e-09 	1.8 	1.8 	0.000123845 	1.79569 	
516.326 	3.5441e-09 	1.8 	1.8 	-4.36833e-06 	1.80027 	
519.326 	3.54412e-09 	1.8 	1.8 	-2.98064e-07 	1.79998 	
522.326 	3.54409e-09 	1.8 	1.8 	4.93633e-07 	1.8 	
525.326 	3.5441e-09 	1.8 	1.8 	-4.91873e-07 	1.8 	
528.326 	3.54412e-09 	1.8 	1.8 	5.00437e-07 	1.8 	
531.326 	3.54409e-09 	1.8 	1.8 	-4.92176e-07 	1.8 	
534.326 	3.54411e-09 	1.8 	1.8 	4.9997e-07 	1.8 	
537.326 	3.5441e-09 	1.8 	1.8 	-4.92082e-07 	1.8 	
540.326 	3.54411e-09 	1.8 	1.8 	4.99633e-07 	1.8 	
543.326 	3.5441e-09 	1.8 	1.8 	-4.91963e-07 	1.8 	
546.326 	3.54411e-09 	1.8 	1.8 	4.99377e-07 	1.8 	
549.326 	3.5441e-09 	1.8 	1.8 	-4.91843e-07 	1.8 	
550 	3.54409e-09 	1.8 	1.8 	4.98949e-07 	1.8 	
550.08 	3.5441e-09 	1.8 	1.8 	2.81999e-09 	1.8 	
550.241 	3.5441e-09 	1.8 	1.8 	4.03451e-09 	1.8 	
550.511 	3.5441e-09 	1.8 	1.8 	4.08464e-09 	1.8 	
550.781 	3.54409e-09 	1.8 	1.8 	4.14086e-09 	1.8 	
551 	3.54407e-09 	1.8 	1.8 	-4.08041e-08 	1.8 	
551.027 	3.54407e-09 	1.8 	1.8 	3.08445e-07 	1.8 	
551.081 	3.54408e-09 	1.8 	1.8 	1.34035e-06 	1.79999 	
551.158 	3.54405e-09 	1.8 	1.8 	9.3052e-07 	1.80002 	
551.232 	3.54406e-09 	1.8 	1.8 	-6.30999e-08 	1.79997 	
551.292 	3.54406e-09 	1.8 	1.8 	-5.21477e-06 	1.79949 	
551.353 	3.54407e-09 	1.8 	1.8 	-2.2781e-05 	1.80018 	
551.414 	3.5441e-09 	1.8 	1.8 	-3.75552e-05 	1.80434 	
551.494 	3.54412e-09 	1.8 	1.8 	0.000200872 	1.80786 	
551.555 	3.54411e-09 	1.8 	1.8 	0.00058196 	1.79892 	
551.606 	3.54408e-09 	1.8 	1.8 	-6.29722e-05 	1.78514 	
551.664 	3.54409e-09 	1.8 	1.8 	-0.00331821 	1.7675 	
551.715 	3.54407e-09 	1.8 	1.8 	-0.0036707 	1.75116 	
551.777 	3.54408e-09 	1.8 	1.8 	0.00813223 	1.73144 	
551.836 	3.54411e-09 	1.8 	1.8 	0.0264073 	1.71246 	
551.927 	3.54411e-09 	1.8 	1.8 	0.0556036 	1.68312 	
552.018 	3.5441e-09 	1.8 	1.8 	0.0847466 	1.65382 	
552.201 	3.54409e-09 	1.8 	1.8 	0.142892 	1.59534 	
552.565 	3.54409e-09 	1.8 	1.8 	0.258626 	1.47888 	
553.294 	3.54409e-09 	1.8 	1.8 	0.487604 	1.24833 	
554.752 	3.54408e-09 	1.8 	1.8 	0.932034 	0.80277 	
557.374 	3.54412e-09 	1.8 	1.8 	1.53696 	0.229078 	
560.121 	3.5441e-09 	1.8 	1.8 	1.78082 	0.0181511 	
561.366 	3.5441e-09 	1.8 	1.8 	1.79302 	0.00698502 	
562.429 	3.54414e-09 	1.8 	1.8 	1.79703 	0.00312372 	
563.459 	3.54411e-09 	1.8 	1.8 	1.79869 	0.00143517 	
565.52 	3.54411e-09 	1.8 	1.8 	1.79984 	0.000210908 	
568.52 	3.5441e-09 	1.8 	1.8 	1.8 	-7.18559e-06 	
571.52 	3.54411e-09 	1.8 	1.8 	1.8 	-7.80178e-07 	
574.52 	3.5441e-09 	1.8 	1.8 	1.79999 	1.11616e-06 	
577.52 	3.54411e-09 	1.8 	1.8 	1.8 	-1.13078e-06 	
580.52 	3.54409e-09 	1.8 	1.8 	1.8 	1.14874e-06 	
583.52 	3.5441e-09 	1.8 	1.8 	1.8 	-1.15017e-06 	
586.52 	3.54411e-09 	1.8 	1.8 	1.8 	1.16622e-06 	
589.52 	3.54411e-09 	1.8 	1.8 	1.8 	-1.1669e-06 	
592.52 	3.54409e-09 	1.8 	1.8 	1.8 	1.18182e-06 	
595.52 	3.54411e-09 	1.8 	1.8 	1.8 	-1.18178e-06 	
598.52 	3.54409e-09 	1.8 	1.8 	1.8 	1.19575e-06 	
600 	3.54409e-09 	1.8 	1.8 	1.8 	-1.20126e-06 	
600.1 	3.54415e-09 	1.8 	1.8 	1.8 	2.83569e-08 	
600.3 	3.54357e-09 	1.8 	1.8 	1.8 	-4.93127e-09 	
600.569 	3.54548e-09 	1.8 	1.8 	1.8 	9.65569e-09 	
600.873 	3.54154e-09 	1.8 	1.8 	1.8 	1.89493e-09 	
601 	3.54985e-09 	1.8 	1.8 	1.8 	4.10497e-09 	
601.009 	3.53327e-09 	1.8 	1.8 	1.8 	5.34712e-09 	
601.026 	3.53002e-09 	1.8 	1.8 	1.8 	4.8999e-09 	
601.061 	3.57554e-09 	1.8 	1.8 	1.8 	4.63834e-09 	
601.112 	3.53146e-09 	1.8 	1.80001 	1.8 	4.43859e-09 	
601.167 	3.51606e-09 	1.8 	1.80002 	1.8 	4.23693e-09 	
601.246 	3.58256e-09 	1.8 	1.80001 	1.8 	4.31306e-09 	
601.334 	3.50129e-09 	1.8 	1.7999 	1.8 	4.22345e-09 	
601.444 	3.58885e-09 	1.8 	1.80037 	1.8 	4.21798e-09 	
601.534 	5.32622e-09 	1.8 	1.80628 	1.8 	4.13507e-09 	
601.62 	-1.41632e-08 	1.8 	1.80358 	1.8 	4.61987e-09 	
601.696 	-8.47994e-09 	1.8 	1.78563 	1.8 	5.0887e-09 	
601.773 	1.56113e-07 	1.80001 	1.76174 	1.8 	4.79535e-09 	
601.861 	1.67804e-07 	1.80002 	1.73361 	1.8 	5.89661e-09 	
601.964 	-1.91406e-07 	1.80001 	1.70017 	1.8 	-3.47367e-08 	
602 	-1.39669e-06 	1.79996 	1.68868 	1.8 	-1.49508e-07 	
602.013 	-2.40371e-06 	1.79991 	1.68444 	1.8 	-1.75786e-07 	
602.039 	-4.91458e-06 	1.79978 	1.67596 	1.8 	-2.59498e-07 	
602.087 	-1.34333e-05 	1.79914 	1.66074 	1.80001 	6.53668e-07 	
602.135 	5.80895e-06 	1.80006 	1.64517 	1.80002 	1.5878e-06 	
602.171 	6.76341e-05 	1.80282 	1.63371 	1.80001 	1.10303e-06 	
602.206 	0.000155725 	1.80634 	1.62262 	1.80001 	6.98364e-07 	
602.251 	-0.000147589 	1.80937 	1.60821 	1.80001 	5.28921e-07 	
602.3 	-0.00121812 	1.80417 	1.59247 	1.79999 	-6.72315e-07 	
602.36 	-0.00357428 	1.78917 	1.57327 	1.79996 	-6.96013e-06 	
602.428 	-0.00229372 	1.76834 	1.55081 	1.79998 	-1.57233e-05 	
602.497 	0.0108391 	1.74632 	1.5263 	1.80001 	-3.19324e-05 	
602.575 	0.0341724 	1.72125 	1.50104 	1.80001 	0.00018255 	
602.65 	0.0580087 	1.69709 	1.48848 	1.8 	0.000546809 	
602.703 	0.0746842 	1.68024 	1.489 	1.8 	-0.000496807 	
602.76 	0.0928733 	1.66185 	1.49636 	1.8 	-0.00409951 	
602.799 	0.10551 	1.6491 	1.50323 	1.8 	-0.00401276 	
602.836 	0.117022 	1.63749 	1.50959 	1.8 	0.00193255 	
602.889 	0.133895 	1.6205 	1.5188 	1.8 	0.0165874 	
602.942 	0.150958 	1.60337 	1.52791 	1.8 	0.0335951 	
603.035 	0.180353 	1.57318 	1.54312 	1.8 	0.0632584 	
603.146 	0.215166 	1.53397 	1.56038 	1.8 	0.0986233 	
603.234 	0.243505 	1.5106 	1.57346 	1.8 	0.126771 	
603.314 	0.26544 	1.50439 	1.58487 	1.8 	0.152397 	
603.393 	0.273868 	1.51178 	1.59557 	1.8 	0.177417 	
603.443 	0.268745 	1.52042 	1.60217 	1.8 	0.193421 	
603.497 	0.260551 	1.5294 	1.60897 	1.8 	0.210319 	
603.565 	0.250204 	1.54056 	1.61734 	1.8 	0.231858 	
603.636 	0.239586 	1.55187 	1.62578 	1.8 	0.254421 	
603.778 	0.219557 	1.57331 	1.64166 	1.8 	0.299463 	
603.987 	0.192696 	1.60196 	1.66264 	1.8 	0.365211 	
604.313 	0.156468 	1.64058 	1.69048 	1.8 	0.467293 	
604.887 	0.106854 	1.69296 	1.72747 	1.8 	0.645204 	
605.765 	0.0578742 	1.74389 	1.76254 	1.8 	0.911618 	
607.278 	0.0178552 	1.78391 	1.78946 	1.8 	1.32372 	
608.731 	0.00568336 	1.79528 	1.79692 	1.8 	1.59774 	
610.162 	0.00180514 	1.79859 	1.79909 	1.8 	1.72873 	
612.031 	0.000367245 	1.79976 	1.79984 	1.8 	1.78634 	
615.031 	-2.53672e-05 	1.80001 	1.80001 	1.8 	1.8008 	
618.031 	1.14963e-05 	1.8 	1.8 	1.8 	1.79995 	
621.031 	-1.0973e-05 	1.8 	1.8 	1.8 	1.8 	
624.031 	1.08694e-05 	1.8 	1.8 	1.8 	1.80001 	
627.031 	-1.08778e-05 	1.8 	1.8 	1.8 	1.79999 	
630.031 	1.07966e-05 	1.8 	1.8 	1.8 	1.80001 	
633.031 	-1.08056e-05 	1.8 	1.8 	1.8 	1.79999 	
636.031 	1.07255e-05 	1.8 	1.8 	1.8 	1.80001 	
639.031 	-1.07342e-05 	1.8 	1.8 	1.8 	1.79999 	
642.031 	1.06552e-05 	1.8 	1.8 	1.8 	1.80001 	
645.031 	-1.06636e-05 	1.8 	1.8 	1.8 	1.79999 	
648.031 	1.05857e-05 	1.8 	1.8 	1.8 	1.80001 	
650 	-1.05759e-05 	1.8 	1.8 	1.8 	1.8 	
650.1 	-7.22078e-07 	1.8 	1.8 	1.8 	1.8 	
650.3 	5.36775e-07 	1.8 	1.8 	1.8 	1.8 	
650.566 	-3.77411e-07 	1.8 	1.8 	1.8 	1.8 	
650.846 	3.51967e-07 	1.8 	1.8 	1.8 	1.8 	
651 	-2.29197e-07 	1.8 	1.8 	1.8 	1.8 	
651.026 	-5.36877e-08 	1.8 	1.8 	1.80001 	1.8 	
651.078 	3.3088e-08 	1.8 	1.8 	1.80001 	1.79999 	
651.147 	7.18094e-09 	1.8 	1.8 	1.80002 	1.80001 	
651.222 	2.71023e-08 	1.8 	1.8 	1.79997 	1.80001 	
651.273 	1.05738e-08 	1.8 	1.8 	1.79974 	1.79987 	
651.323 	2.23719e-08 	1.8 	1.8 	1.79918 	1.79937 	
651.383 	1.19444e-08 	1.8 	1.8 	1.80164 	1.80114 	
651.447 	1.97409e-08 	1.8 	1.8 	1.80787 	1.80638 	
651.493 	1.24254e-08 	1.8 	1.8 	1.80855 	1.80932 	
651.55 	1.75721e-08 	1.8 	1.8 	1.79864 	1.80327 	
651.61 	1.24468e-08 	1.8 	1.8 	1.78165 	1.78801 	
651.68 	1.588e-08 	1.8 	1.80001 	1.75967 	1.76648 	
651.787 	1.1622e-08 	1.8 	1.80002 	1.72549 	1.73248 	
651.883 	1.41242e-08 	1.8 	1.79996 	1.69445 	1.70146 	
651.991 	1.05518e-08 	1.8 	1.79937 	1.65992 	1.66694 	
652.091 	1.383e-08 	1.8 	1.80431 	1.62765 	1.63467 	
652.183 	-3.39594e-09 	1.8 	1.80474 	1.59823 	1.60524 	
652.24 	-7.26703e-10 	1.8 	1.79323 	1.57983 	1.58684 	
652.308 	5.28972e-08 	1.8 	1.77353 	1.55822 	1.56523 	
652.392 	2.63547e-07 	1.80001 	1.74676 	1.53117 	1.53818 	
652.48 	1.71243e-08 	1.80002 	1.71844 	1.50307 	1.51006 	
652.562 	-1.01239e-06 	1.79997 	1.69218 	1.47708 	1.48407 	
652.666 	-1.13367e-05 	1.7993 	1.65871 	1.44397 	1.45095 	
652.749 	5.8433e-05 	1.80266 	1.63199 	1.41754 	1.42452 	
652.838 	-0.000427864 	1.80758 	1.60346 	1.38934 	1.39631 	
652.893 	-0.00169122 	1.79989 	1.58578 	1.37186 	1.37882 	
652.951 	-0.00413991 	1.78427 	1.56718 	1.35349 	1.36044 	
653.01 	-0.00172008 	1.76603 	1.54825 	1.33479 	1.34173 	
653.071 	0.0107034 	1.74662 	1.52877 	1.31555 	1.32249 	
653.151 	0.034291 	1.72103 	1.50336 	1.29046 	1.29738 	
653.253 	0.0665331 	1.68829 	1.47096 	1.25848 	1.26539 	
653.385 	0.108706 	1.64565 	1.42878 	1.21688 	1.22378 	
653.65 	0.192914 	1.56061 	1.34474 	1.13409 	1.14094 	
654.181 	0.360301 	1.39168 	1.17809 	0.970483 	0.977226 	
655.242 	0.68944 	1.05967 	0.853148 	0.658183 	0.664334 	
657.364 	1.28619 	0.475519 	0.333638 	0.21617 	0.219591 	
659.669 	1.67767 	0.111344 	0.0642011 	0.0341094 	0.0348594 	
660.493 	1.73266 	0.0628335 	0.0356142 	0.01871 	0.0191293 	
661.395 	1.76598 	0.0328276 	0.0184045 	0.00960293 	0.00981762 	
662.265 	1.78259 	0.0173715 	0.00968274 	0.00503408 	0.00514914 	
663.685 	1.79471 	0.0056803 	0.00314825 	0.00163119 	0.00166682 	
665.564 	1.79909 	0.00110516 	0.000609485 	0.000314829 	0.000323286 	
668.312 	1.80003 	2.86131e-06 	1.97882e-06 	1.15526e-06 	-7.62741e-08 	
671.312 	1.79999 	2.25675e-06 	8.13684e-07 	2.87123e-07 	1.53121e-06 	
674.312 	1.80001 	-2.43639e-06 	-9.15724e-07 	-3.47976e-07 	-1.5914e-06 	
677.312 	1.79999 	2.43627e-06 	9.25892e-07 	3.68083e-07 	1.61241e-06 	
680.312 	1.80001 	-2.4182e-06 	-9.18866e-07 	-3.71521e-07 	-1.61543e-06 	
683.312 	1.79999 	2.41178e-06 	9.24853e-07 	3.88223e-07 	1.6325e-06 	
686.312 	1.80001 	-2.39479e-06 	-9.17756e-07 	-3.90465e-07 	-1.63471e-06 	
689.312 	1.79999 	2.38971e-06 	9.23832e-07 	4.06104e-07 	1.65045e-06 	
692.312 	1.8 	-2.37394e-06 	-9.16822e-07 	-4.07368e-07 	-1.6519e-06 	
695.312 	1.8 	2.37006e-06 	9.22981e-07 	4.22072e-07 	1.66655e-06 	
698.312 	1.8 	-2.35536e-06 	-9.16045e-07 	-4.22474e-07 	-1.66727e-06 	
700 	1.8 	2.34623e-06 	9.22035e-07 	4.4151e-07 	1.68625e-06 	
700.1 	1.8 	2.64868e-08 	-2.74423e-09 	-3.69033e-08 	-4.95558e-08 	
700.3 	1.8 	-1.09046e-08 	3.85181e-09 	2.09118e-08 	2.92516e-08 	
700.566 	1.8 	1.87608e-08 	7.02257e-09 	-6.16902e-09 	-8.68782e-09 	
700.847 	1.8 	-4.64705e-09 	3.89648e-09 	3.28552e-07 	1.31456e-08 	
701 	1.8 	1.07139e-08 	-6.7112e-09 	-4.67838e-06 	1.93027e-09 	
701.026 	1.8 	7.73427e-09 	8.82807e-09 	-6.5224e-06 	2.44876e-09 	
701.078 	1.8 	4.60862e-09 	1.73192e-08 	-1.85152e-05 	4.70083e-09 	
701.163 	1.8 	4.92813e-09 	3.18413e-09 	4.2859e-05 	4.69854e-09 	
701.251 	1.8 	4.89662e-09 	1.09472e-09 	0.000284405 	4.52924e-09 	
701.341 	1.8 	4.7392e-09 	-5.69752e-10 	-0.000265288 	4.60535e-09 	
701.412 	1.8 	4.76764e-09 	-2.3419e-08 	-0.00349884 	4.4773e-09 	
701.482 	1.8 	4.62273e-09 	7.50666e-08 	-0.000930802 	4.4655e-09 	
701.549 	1.8 	4.643e-09 	-5.37404e-09 	0.0150484 	4.48116e-09 	
701.613 	1.8 	4.53367e-09 	-3.58461e-08 	0.0356998 	4.83952e-09 	
701.682 	1.8 	4.54874e-09 	6.52616e-09 	0.0577162 	5.31336e-09 	
701.757 	1.8 	4.42285e-09 	8.03993e-09 	0.0816069 	4.98732e-09 	
701.87 	1.8 	4.4293e-09 	5.51183e-09 	0.117723 	6.19163e-09 	
702 	1.8 	4.27792e-09 	3.49495e-09 	0.159152 	-6.577e-08 	
702.014 	1.8 	4.31008e-09 	3.88354e-09 	0.163499 	-1.29575e-07 	
702.041 	1.8 	4.2924e-09 	4.18472e-09 	0.172194 	-2.67045e-07 	
702.096 	1.8 	4.25883e-09 	3.7645e-09 	0.189573 	7.07674e-07 	
702.146 	1.8 	4.23913e-09 	4.04997e-09 	0.205456 	1.56288e-06 	
702.181 	1.8 	4.21815e-09 	3.8575e-09 	0.216758 	1.04367e-06 	
702.221 	1.8 	4.20269e-09 	3.98904e-09 	0.229398 	6.4587e-07 	
702.276 	1.8 	4.1742e-09 	3.85493e-09 	0.24672 	2.94216e-07 	
702.338 	1.8 	4.14953e-09 	3.94169e-09 	0.266459 	-3.61646e-06 	
702.441 	1.8 	4.1036e-09 	3.85756e-09 	0.298787 	-1.63456e-05 	
702.502 	1.8 	4.08197e-09 	3.81436e-09 	0.318603 	-3.48972e-05 	
702.561 	1.8 	4.05722e-09 	3.84802e-09 	0.337903 	0.000102889 	
702.629 	1.8 	4.0349e-09 	3.89405e-09 	0.355789 	0.000488392 	
702.689 	1.8 	4.01203e-09 	3.75916e-09 	0.362265 	5.80364e-05 	
702.745 	1.8 	3.99554e-09 	3.83649e-09 	0.359311 	-0.00262468 	
702.804 	1.8 	3.97461e-09 	3.77804e-09 	0.35021 	-0.00327996 	
702.863 	1.8 	3.95865e-09 	3.7982e-09 	0.339449 	0.00745713 	
702.922 	1.8 	3.93962e-09 	3.76308e-09 	0.328508 	0.0253939 	
703.008 	1.8 	3.9176e-09 	3.77582e-09 	0.312759 	0.0529633 	
703.099 	1.8 	3.89217e-09 	3.73455e-09 	0.296658 	0.0821198 	
703.281 	1.8 	3.85075e-09 	3.73653e-09 	0.266379 	0.140297 	
703.646 	1.8 	3.77804e-09 	3.66816e-09 	0.213249 	0.256091 	
704.375 	1.8 	3.68189e-09 	3.63763e-09 	0.133086 	0.485196 	
705.834 	1.8 	3.58582e-09 	3.55569e-09 	0.0458976 	0.929901 	
706.836 	1.8 	3.56485e-09 	3.56901e-09 	0.022008 	1.21498 	
707.731 	1.8 	3.55364e-09 	3.53684e-09 	0.0113696 	1.43025 	
708.645 	1.8 	3.55001e-09 	3.56037e-09 	0.00576157 	1.58863 	
709.694 	1.8 	3.54569e-09 	3.53234e-09 	0.00260588 	1.69803 	
711.082 	1.8 	3.54565e-09 	3.55763e-09 	0.000870358 	1.76553 	
712.843 	1.8 	3.54343e-09 	3.53109e-09 	0.000193874 	1.79279 	
715.322 	1.8 	3.54496e-09 	3.55719e-09 	1.14458e-05 	1.79976 	
718.322 	1.8 	3.54329e-09 	3.53095e-09 	-9.41872e-07 	1.80002 	
721.322 	1.8 	3.54485e-09 	3.55728e-09 	5.39176e-07 	1.8 	
724.322 	1.8 	3.54336e-09 	3.53095e-09 	-5.12453e-07 	1.8 	
727.322 	1.8 	3.54485e-09 	3.55722e-09 	5.19184e-07 	1.8 	
730.322 	1.8 	3.54334e-09 	3.531e-09 	-5.09789e-07 	1.8 	
733.322 	1.8 	3.54487e-09 	3.5572e-09 	5.16668e-07 	1.8 	
736.322 	1.8 	3.54335e-09 	3.53102e-09 	-5.07799e-07 	1.8 	
739.322 	1.8 	3.54485e-09 	3.55718e-09 	5.14469e-07 	1.8 	
742.322 	1.8 	3.54334e-09 	3.53104e-09 	-5.05902e-07 	1.8 	
745.322 	1.8 	3.54487e-09 	3.55714e-09 	5.12478e-07 	1.8 	
748.322 	1.8 	3.54335e-09 	3.53106e-09 	-5.04116e-07 	1.8 	
750 	1.8 	3.54486e-09 	3.55717e-09 	5.09999e-07 	1.8 	
750.1 	1.8 	3.54418e-09 	3.54447e-09 	7.10516e-09 	1.8 	
750.3 	1.8 	3.54414e-09 	3.54362e-09 	2.12014e-09 	1.8 	
750.566 	1.8 	3.54422e-09 	3.54471e-09 	5.36869e-09 	1.8 	
750.846 	1.8 	3.54417e-09 	3.54382e-09 	-6.68127e-09 	1.8 	
751 	1.8 	3.54406e-09 	3.54473e-09 	2.07825e-07 	1.8 	
751.026 	1.8 	3.54408e-09 	3.55059e-09 	7.28039e-07 	1.8 	
751.078 	1.8 	3.54411e-09 	3.53588e-09 	1.24506e-06 	1.79999 	
751.147 	1.8 	3.54408e-09 	3.53432e-09 	7.25813e-07 	1.80001 	
751.222 	1.8 	3.54407e-09 	3.55702e-09 	-1.6743e-06 	1.80001 	
751.273 	1.8 	3.54411e-09 	3.53299e-09 	-1.14223e-05 	1.79986 	
751.323 	1.8 	3.54413e-09 	3.61792e-09 	-3.05902e-05 	1.79937 	
751.384 	1.8 	3.54412e-09 	3.4718e-09 	-1.82819e-05 	1.80118 	
751.45 	1.8 	3.54415e-09 	3.55042e-09 	0.000218237 	1.8067 	
751.509 	1.8 	3.54413e-09 	3.55305e-09 	0.000578943 	1.80826 	
751.557 	1.8 	3.54415e-09 	3.55121e-09 	3.51194e-05 	1.801 	
751.615 	1.8 	3.54414e-09 	3.54242e-09 	-0.00305551 	1.78574 	
751.664 	1.8 	3.54414e-09 	3.54459e-09 	-0.0040815 	1.77075 	
751.724 	1.8 	3.54414e-09 	3.54236e-09 	0.00623235 	1.75183 	
751.778 	1.8 	3.54416e-09 	3.54718e-09 	0.0226491 	1.73448 	
751.861 	1.8 	3.5441e-09 	3.54014e-09 	0.0493708 	1.70758 	
751.949 	1.8 	3.54408e-09 	3.54858e-09 	0.077285 	1.67953 	
752.123 	1.8 	3.5441e-09 	3.53932e-09 	0.13296 	1.62348 	
752.472 	1.8 	3.54407e-09 	3.54909e-09 	0.243817 	1.51184 	
753.17 	1.8 	3.5441e-09 	3.53921e-09 	0.463266 	1.29064 	
754.565 	1.8 	3.5441e-09 	3.54903e-09 	0.890315 	0.861072 	
757.357 	1.8 	3.54414e-09 	3.53916e-09 	1.53697 	0.238447 	
760.287 	1.8 	3.54412e-09 	3.54906e-09 	1.78869 	0.0124091 	
761.773 	1.8 	3.54407e-09 	3.53907e-09 	1.7968 	0.00378748 	
762.813 	1.8 	3.54407e-09 	3.54909e-09 	1.79862 	0.00172731 	
763.818 	1.8 	3.54407e-09 	3.53911e-09 	1.79937 	0.000807041 	
765.827 	1.8 	3.54404e-09 	3.5491e-09 	1.79992 	0.00013112 	
768.827 	1.8 	3.5441e-09 	3.53909e-09 	1.8 	-6.66955e-06 	
771.827 	1.8 	3.54411e-09 	3.54908e-09 	1.80001 	1.77958e-06 	
774.827 	1.8 	3.54409e-09 	3.53914e-09 	1.79999 	-1.57244e-06 	
777.827 	1.8 	3.54411e-09 	3.54905e-09 	1.80001 	1.5671e-06 	
780.827 	1.8 	3.54409e-09 	3.53917e-09 	1.79999 	-1.55484e-06 	
783.827 	1.8 	3.54412e-09 	3.54903e-09 	1.80001 	1.55725e-06 	
786.827 	1.8 	3.54409e-09 	3.53916e-09 	1.79999 	-1.54614e-06 	
789.827 	1.8 	3.54411e-09 	3.54903e-09 	1.80001 	1.54883e-06 	
792.827 	1.8 	3.5441e-09 	3.53919e-09 	1.79999 	-1.53837e-06 	
795.827 	1.8 	3.54411e-09 	3.54901e-09 	1.80001 	1.54135e-06 	
798.827 	1.8 	3.5441e-09 	3.53919e-09 	1.79999 	-1.53141e-06 	
800 	1.8 	3.54423e-09 	3.5491e-09 	1.80001 	1.53001e-06 	
