0 	0 	0 	
0.005 	4.27091e-11 	0 	
0.01 	8.5076e-11 	0 	
0.02 	1.69211e-10 	0 	
0.04 	3.3388e-10 	0 	
0.08 	6.49494e-10 	0 	
0.16 	1.23069e-09 	0 	
0.32 	2.21836e-09 	0 	
0.64 	3.65445e-09 	0 	
1.14 	4.95026e-09 	0 	
1.64 	5.5783e-09 	0 	
2.14 	5.88278e-09 	0 	
2.64 	6.03025e-09 	0 	
3.14 	6.10176e-09 	0 	
3.64 	6.1364e-09 	0 	
4.14 	6.15323e-09 	0 	
4.64 	6.16139e-09 	0 	
5.14 	6.16534e-09 	0 	
5.64 	6.16724e-09 	0 	
6.14 	6.16818e-09 	0 	
6.64 	6.16849e-09 	0 	
7.14 	6.16868e-09 	0 	
7.64 	6.16879e-09 	0 	
8.14 	6.16889e-09 	0 	
8.64 	6.16899e-09 	0 	
9.14 	6.16909e-09 	0 	
9.64 	6.16903e-09 	0 	
10.14 	6.16905e-09 	0 	
10.64 	6.16901e-09 	0 	
11.14 	6.16897e-09 	0 	
11.64 	6.16898e-09 	0 	
12.14 	6.16898e-09 	0 	
12.64 	6.16896e-09 	0 	
13.14 	6.16897e-09 	0 	
13.64 	6.16899e-09 	0 	
14.14 	6.16899e-09 	0 	
14.64 	6.16906e-09 	0 	
15.14 	6.16908e-09 	0 	
15.64 	6.16911e-09 	0 	
16.14 	6.16895e-09 	0 	
16.64 	6.16888e-09 	0 	
17.14 	6.16897e-09 	0 	
17.64 	6.169e-09 	0 	
18.14 	6.16908e-09 	0 	
18.64 	6.16912e-09 	0 	
19.14 	6.16897e-09 	0 	
19.64 	6.1689e-09 	0 	
20.14 	6.1689e-09 	0 	
20.64 	6.169e-09 	0 	
21.14 	6.16902e-09 	0 	
21.64 	6.16908e-09 	0 	
22.14 	6.16912e-09 	0 	
22.64 	6.169e-09 	0 	
23.14 	6.16897e-09 	0 	
23.64 	6.16896e-09 	0 	
24.14 	6.16898e-09 	0 	
24.64 	6.16903e-09 	0 	
24.75 	6.169e-09 	0 	
24.7646 	3.49404e-08 	0.0525566 	
24.7938 	1.39957e-08 	0.15767 	
24.8522 	-2.78251e-08 	0.367896 	
24.969 	2.56565e-08 	0.788349 	
25.1148 	-7.57159e-08 	1.31334 	
25.2489 	8.08452e-07 	1.79594 	
25.25 	9.08262e-07 	1.8 	
25.2523 	1.06647e-06 	1.8 	
25.2568 	1.37616e-06 	1.8 	
25.2658 	1.84695e-06 	1.8 	
25.2838 	2.08455e-06 	1.8 	
25.3199 	9.62588e-07 	1.8 	
25.392 	-7.87418e-07 	1.8 	
25.4898 	-2.12863e-06 	1.8 	
25.6075 	-7.05858e-06 	1.8 	
25.7053 	2.22808e-05 	1.8 	
25.8076 	0.000241504 	1.8 	
25.8643 	0.000437482 	1.8 	
25.9314 	-0.000271813 	1.8 	
26.0127 	-0.00281311 	1.8 	
26.0701 	-0.00309608 	1.8 	
26.1345 	-0.00298742 	1.8 	
26.2177 	-0.00281498 	1.8 	
26.306 	-0.00264701 	1.8 	
26.3602 	-0.00254821 	1.8 	
26.4136 	-0.0024538 	1.8 	
26.4966 	-0.0023169 	1.8 	
26.5754 	-0.00219079 	1.8 	
26.7242 	-0.00197608 	1.8 	
26.9982 	-0.00162817 	1.8 	
27.3855 	-0.00124156 	1.8 	
27.8855 	-0.000870156 	1.8 	
28.3855 	-0.000612945 	1.8 	
28.8855 	-0.000428787 	1.8 	
29.3855 	-0.000302816 	1.8 	
29.8855 	-0.000210976 	1.8 	
30.3855 	-0.000149686 	1.8 	
30.8855 	-0.000103425 	1.8 	
31.3855 	-7.40238e-05 	1.8 	
31.8855 	-5.03006e-05 	1.8 	
32.3855 	-3.66167e-05 	1.8 	
32.8855 	-2.40592e-05 	1.8 	
33.3855 	-1.81305e-05 	1.8 	
33.8855 	-1.11067e-05 	1.8 	
34.271 	-2.584e-05 	1.8 	
34.5403 	-0.000258539 	1.8 	
34.7343 	-0.000369632 	1.8 	
34.9019 	-0.000544495 	1.8 	
35.0784 	-0.000628437 	1.8 	
35.2556 	-0.000780872 	1.8 	
35.4923 	-0.000882941 	1.8 	
35.7977 	-0.000990152 	1.8 	
36.2551 	0.000182796 	1.8 	
36.7551 	0.00875932 	1.8 	
37.2551 	0.0355092 	1.8 	
37.7551 	0.0909836 	1.8 	
38.2551 	0.181526 	1.8 	
38.7551 	0.30652 	1.8 	
39.2551 	0.461179 	1.8 	
39.7551 	0.638826 	1.8 	
40.2551 	0.832107 	1.8 	
40.7551 	1.03543 	1.8 	
41.1789 	1.20683 	1.8 	
41.489 	1.32388 	1.8 	
41.7739 	1.41946 	1.8 	
42.0354 	1.49519 	1.8 	
42.3172 	1.56336 	1.8 	
42.6615 	1.6292 	1.8 	
43.084 	1.68772 	1.8 	
43.584 	1.73308 	1.8 	
44.084 	1.76062 	1.8 	
44.584 	1.77702 	1.8 	
45.084 	1.78664 	1.8 	
45.584 	1.79227 	1.8 	
46.084 	1.79552 	1.8 	
46.584 	1.79741 	1.8 	
47.084 	1.7985 	1.8 	
47.584 	1.79914 	1.8 	
48.084 	1.7995 	1.8 	
48.584 	1.79971 	1.8 	
49.084 	1.79983 	1.8 	
49.5 	1.79989 	1.8 	
49.525 	1.7999 	1.8 	
49.575 	1.7999 	1.8 	
49.675 	1.79991 	1.8 	
49.75 	1.79992 	1.8 	
49.77 	1.79992 	1.728 	
49.81 	1.79992 	1.584 	
49.89 	1.79993 	1.296 	
50.05 	1.79994 	0.72 	
50.1986 	1.79995 	0.185178 	
50.25 	1.79995 	7.77156e-15 	
50.2635 	1.79995 	0 	
50.2907 	1.79995 	0 	
50.3449 	1.79996 	0 	
50.4533 	1.79996 	0 	
50.5 	1.79996 	0 	
50.5118 	1.79996 	0 	
50.5353 	1.79996 	0 	
50.5824 	1.79997 	0 	
50.6518 	1.79997 	0 	
50.7208 	1.79997 	0 	
50.7947 	1.79997 	0 	
50.8511 	1.79997 	0 	
50.9092 	1.79998 	0 	
50.9657 	1.79998 	0 	
51.0255 	1.79998 	0 	
51.0775 	1.79998 	0 	
51.1382 	1.79998 	0 	
51.2086 	1.79998 	0 	
51.2841 	1.79998 	0 	
51.3776 	1.79999 	0 	
51.4347 	1.79999 	0 	
51.4884 	1.79999 	0 	
51.5776 	1.79999 	0 	
51.6586 	1.79999 	0 	
51.8206 	1.79999 	0 	
52.1383 	1.79999 	0 	
52.5791 	1.8 	0 	
53.0791 	1.8 	0 	
53.5791 	1.8 	0 	
54.0791 	1.8 	0 	
54.5791 	1.8 	0 	
55.0791 	1.8 	0 	
55.5791 	1.8 	0 	
56.0791 	1.8 	0 	
56.5791 	1.8 	0 	
57.0791 	1.8 	0 	
57.5791 	1.8 	0 	
58.0791 	1.8 	0 	
58.5791 	1.8 	0 	
58.9954 	1.8 	0 	
59.2657 	1.8 	0 	
59.4433 	1.8 	0 	
59.5729 	1.8 	0 	
59.6916 	1.8 	0 	
59.7856 	1.8 	0 	
59.8781 	1.8 	0 	
59.9615 	1.8 	0 	
60.054 	1.8 	0 	
60.1275 	1.8 	0 	
60.2027 	1.8 	0 	
60.284 	1.8 	0 	
60.3643 	1.8 	0 	
60.4506 	1.8 	0 	
60.4999 	1.8 	0 	
60.5594 	1.8 	0 	
60.6242 	1.8 	0 	
60.6812 	1.8 	0 	
60.7422 	1.8 	0 	
60.816 	1.8 	0 	
60.8952 	1.8 	0 	
60.9812 	1.8 	0 	
61.0305 	1.8 	0 	
61.0883 	1.8 	0 	
61.1679 	1.8 	0 	
61.2592 	1.8 	0 	
61.4354 	1.8 	0 	
61.7876 	1.8 	0 	
62.2876 	1.8 	0 	
62.7876 	1.8 	0 	
63.2876 	1.8 	0 	
63.7876 	1.8 	0 	
64.2876 	1.8 	0 	
64.7876 	1.8 	0 	
65.2876 	1.8 	0 	
65.7876 	1.8 	0 	
66.2876 	1.8 	0 	
66.7876 	1.8 	0 	
67.2876 	1.8 	0 	
67.7876 	1.8 	0 	
68.2876 	1.8 	0 	
68.6585 	1.8 	0 	
68.974 	1.8 	0 	
69.2269 	1.8 	0 	
69.4113 	1.8 	0 	
69.5484 	1.8 	0 	
69.6691 	1.8 	0 	
69.7534 	1.8 	0 	
69.8443 	1.8 	0 	
69.9255 	1.8 	0 	
70.011 	1.8 	0 	
70.0755 	1.8 	0 	
70.1395 	1.8 	0 	
70.2043 	1.8 	0 	
70.2749 	1.8 	0 	
70.3253 	1.8 	0 	
70.3848 	1.8 	0 	
70.4568 	1.8 	0 	
70.5483 	1.8 	0 	
70.6158 	1.8 	0 	
70.6846 	1.8 	0 	
70.7543 	1.8 	0 	
70.8301 	1.8 	0 	
70.9643 	1.8 	0 	
71.2145 	1.8 	0 	
71.6035 	1.8 	0 	
72.1035 	1.8 	0 	
72.6035 	1.8 	0 	
73.1035 	1.8 	0 	
73.6035 	1.8 	0 	
74.1035 	1.8 	0 	
74.6035 	1.8 	0 	
74.75 	1.8 	2.38228e-14 	
74.768 	1.8 	0.0646862 	
74.8039 	1.8 	0.194058 	
74.8758 	1.8 	0.452803 	
75.0195 	1.8 	0.970293 	
75.1853 	1.8 	1.56698 	
75.25 	1.8 	1.8 	
75.2649 	1.8 	1.8 	
75.2948 	1.8 	1.8 	
75.3545 	1.8 	1.8 	
75.474 	1.8 	1.8 	
75.6028 	1.8 	1.8 	
75.71 	1.8 	1.8 	
75.8218 	1.80002 	1.8 	
75.8882 	1.80001 	1.8 	
75.9627 	1.79996 	1.8 	
76.0234 	1.79973 	1.8 	
76.0884 	1.79958 	1.8 	
76.158 	1.79961 	1.8 	
76.2267 	1.79963 	1.8 	
76.339 	1.79967 	1.8 	
76.4933 	1.79971 	1.8 	
76.8018 	1.79978 	1.8 	
77.3018 	1.79986 	1.8 	
77.8018 	1.79991 	1.8 	
78.264 	1.79994 	1.8 	
78.6072 	1.79996 	1.8 	
78.8725 	1.79997 	1.8 	
79.0591 	1.79997 	1.8 	
79.2181 	1.79997 	1.8 	
79.35 	1.79998 	1.8 	
79.4534 	1.79998 	1.8 	
79.5464 	1.79998 	1.8 	
79.6326 	1.79998 	1.8 	
79.697 	1.79998 	1.8 	
79.759 	1.79998 	1.8 	
79.8256 	1.79998 	1.8 	
79.8967 	1.79998 	1.8 	
79.956 	1.79998 	1.8 	
80.0205 	1.79999 	1.8 	
80.1067 	1.79999 	1.8 	
80.1946 	1.79999 	1.8 	
80.2533 	1.79999 	1.8 	
80.3071 	1.79999 	1.8 	
80.396 	1.79999 	1.8 	
80.4777 	1.79999 	1.8 	
80.6411 	1.79999 	1.8 	
80.9617 	1.79999 	1.8 	
81.3801 	1.79999 	1.8 	
81.8801 	1.79999 	1.8 	
82.3801 	1.79999 	1.8 	
82.8801 	1.8 	1.8 	
83.3801 	1.8 	1.8 	
83.8801 	1.8 	1.8 	
84.3371 	1.76374 	1.8 	
84.6141 	1.69333 	1.8 	
84.8309 	1.62451 	1.8 	
85.0041 	1.57176 	1.8 	
85.1888 	1.51448 	1.8 	
85.4265 	1.4415 	1.8 	
85.7779 	1.33379 	1.8 	
86.2778 	1.18225 	1.8 	
86.7779 	1.03228 	1.8 	
87.2779 	0.886145 	1.8 	
87.7779 	0.741701 	1.8 	
88.167 	0.634124 	1.8 	
88.4116 	0.569586 	1.8 	
88.5928 	0.523884 	1.8 	
88.7558 	0.484589 	1.8 	
88.9263 	0.445533 	1.8 	
89.0706 	0.414886 	1.8 	
89.2208 	0.384528 	1.8 	
89.358 	0.357686 	1.8 	
89.5218 	0.327245 	1.8 	
89.7081 	0.294968 	1.8 	
90.0808 	0.23638 	1.8 	
90.5808 	0.166183 	1.8 	
91.0808 	0.106832 	1.8 	
91.5808 	0.0631026 	1.8 	
92.0808 	0.0349375 	1.8 	
92.5808 	0.0185323 	1.8 	
93.0808 	0.0095889 	1.8 	
93.5808 	0.00489886 	1.8 	
94.0808 	0.00249157 	1.8 	
94.5808 	0.00126676 	1.8 	
95.0213 	0.000704129 	1.8 	
95.3718 	0.000443968 	1.8 	
95.7011 	0.000289772 	1.8 	
95.9385 	0.000213026 	1.8 	
96.1942 	0.000154273 	1.8 	
96.4681 	0.000108332 	1.8 	
96.7956 	7.21927e-05 	1.8 	
97.2529 	3.99914e-05 	1.8 	
97.7529 	2.20791e-05 	1.8 	
98.2529 	1.1661e-05 	1.8 	
98.7529 	7.18309e-06 	1.8 	
99.2529 	3.76923e-06 	1.8 	
99.5 	3.57726e-06 	1.8 	
99.525 	3.17469e-06 	1.8 	
99.575 	3.029e-06 	1.8 	
99.675 	2.82222e-06 	1.8 	
99.75 	2.62173e-06 	1.8 	
99.77 	2.59181e-06 	1.728 	
99.81 	2.51428e-06 	1.584 	
99.89 	2.35913e-06 	1.296 	
100.05 	2.08843e-06 	0.72 	
100.199 	1.88368e-06 	0.185176 	
100.25 	1.82149e-06 	0 	
100.264 	1.81249e-06 	0 	
100.291 	1.76187e-06 	0 	
100.345 	1.68047e-06 	0 	
100.453 	1.60968e-06 	0 	
100.5 	1.55424e-06 	0 	
100.519 	1.53435e-06 	0 	
100.558 	1.49694e-06 	0 	
100.634 	1.43123e-06 	0 	
100.788 	1.31759e-06 	0 	
101.096 	1.1365e-06 	0 	
101.596 	9.36997e-07 	0 	
102.096 	8.1315e-07 	0 	
102.596 	7.31877e-07 	0 	
103.096 	6.75027e-07 	0 	
103.596 	6.32409e-07 	0 	
104.096 	5.98741e-07 	0 	
104.596 	5.70755e-07 	0 	
105.096 	5.4662e-07 	0 	
105.596 	5.25201e-07 	0 	
106.096 	5.05852e-07 	0 	
106.596 	4.8812e-07 	0 	
107.096 	4.71744e-07 	0 	
107.596 	4.56505e-07 	0 	
108.096 	4.42273e-07 	0 	
108.596 	4.28923e-07 	0 	
109.096 	4.16373e-07 	0 	
109.596 	4.04542e-07 	0 	
110.096 	3.9337e-07 	0 	
110.596 	3.82801e-07 	0 	
111.096 	3.72784e-07 	0 	
111.596 	3.63282e-07 	0 	
112.096 	3.54248e-07 	0 	
112.596 	3.45656e-07 	0 	
113.096 	3.37467e-07 	0 	
113.596 	3.29661e-07 	0 	
114.096 	3.22203e-07 	0 	
114.596 	3.1508e-07 	0 	
115.096 	3.0826e-07 	0 	
115.596 	3.01734e-07 	0 	
116.096 	2.95474e-07 	0 	
116.596 	2.89473e-07 	0 	
117.096 	2.83707e-07 	0 	
117.596 	2.78169e-07 	0 	
118.096 	2.72841e-07 	0 	
118.596 	2.67716e-07 	0 	
119.096 	2.62777e-07 	0 	
119.596 	2.58021e-07 	0 	
120.096 	2.53431e-07 	0 	
120.596 	2.49004e-07 	0 	
121.096 	2.44728e-07 	0 	
121.596 	2.40598e-07 	0 	
122.096 	2.36604e-07 	0 	
122.596 	2.32742e-07 	0 	
123.096 	2.29002e-07 	0 	
123.596 	2.25384e-07 	0 	
124.096 	2.21876e-07 	0 	
124.596 	2.18478e-07 	0 	
124.75 	2.17448e-07 	0 	
124.769 	2.39995e-07 	0.0672703 	
124.806 	2.10734e-07 	0.201811 	
124.881 	1.8392e-07 	0.470892 	
125.03 	2.19886e-07 	1.00905 	
125.197 	2.73097e-07 	1.60824 	
125.25 	2.43756e-06 	1.8 	
125.266 	2.40083e-06 	1.8 	
125.297 	1.47359e-06 	1.8 	
125.361 	-5.4439e-07 	1.8 	
125.487 	-1.79168e-06 	1.8 	
125.611 	-9.97239e-06 	1.8 	
125.717 	5.65874e-05 	1.8 	
125.83 	0.000385912 	1.8 	
125.908 	-7.53157e-05 	1.8 	
125.991 	-0.00259983 	1.8 	
126.051 	-0.0030886 	1.8 	
126.115 	-0.00299715 	1.8 	
126.191 	-0.00283937 	1.8 	
126.281 	-0.0026658 	1.8 	
126.347 	-0.00254574 	1.8 	
126.415 	-0.00242518 	1.8 	
126.485 	-0.002312 	1.8 	
126.561 	-0.00219035 	1.8 	
126.696 	-0.00199521 	1.8 	
126.948 	-0.00166956 	1.8 	
127.363 	-0.00124769 	1.8 	
127.863 	-0.000874526 	1.8 	
128.363 	-0.000615865 	1.8 	
128.863 	-0.000430883 	1.8 	
129.363 	-0.000304066 	1.8 	
129.863 	-0.000211905 	1.8 	
130.363 	-0.000150083 	1.8 	
130.863 	-0.000103766 	1.8 	
131.363 	-7.39927e-05 	1.8 	
131.863 	-5.03501e-05 	1.8 	
132.363 	-3.63748e-05 	1.8 	
132.863 	-2.39657e-05 	1.8 	
133.363 	-1.77862e-05 	1.8 	
133.863 	-1.09645e-05 	1.8 	
134.223 	1.90019e-05 	1.8 	
134.445 	-0.000107288 	1.8 	
134.61 	-0.000236612 	1.8 	
134.791 	-0.000407656 	1.8 	
134.977 	-0.000532434 	1.8 	
135.175 	-0.000685646 	1.8 	
135.527 	-0.000881568 	1.8 	
136.027 	-0.000813122 	1.8 	
136.527 	0.00246561 	1.8 	
137.027 	0.0173864 	1.8 	
137.527 	0.055276 	1.8 	
138.027 	0.125405 	1.8 	
138.527 	0.231167 	1.8 	
139.027 	0.369549 	1.8 	
139.527 	0.534939 	1.8 	
140.027 	0.72026 	1.8 	
140.527 	0.918683 	1.8 	
141.027 	1.12286 	1.8 	
141.4 	1.26973 	1.8 	
141.706 	1.37872 	1.8 	
141.94 	1.45208 	1.8 	
142.188 	1.51949 	1.8 	
142.469 	1.58302 	1.8 	
142.821 	1.64521 	1.8 	
143.321 	1.70659 	1.8 	
143.821 	1.74462 	1.8 	
144.321 	1.76753 	1.8 	
144.821 	1.78108 	1.8 	
145.321 	1.78902 	1.8 	
145.821 	1.79364 	1.8 	
146.321 	1.79632 	1.8 	
146.821 	1.79787 	1.8 	
147.321 	1.79877 	1.8 	
147.821 	1.79929 	1.8 	
148.321 	1.79959 	1.8 	
148.821 	1.79976 	1.8 	
149.321 	1.79986 	1.8 	
149.5 	1.79989 	1.8 	
149.525 	1.79989 	1.8 	
149.575 	1.7999 	1.8 	
149.675 	1.79991 	1.8 	
149.75 	1.79991 	1.8 	
149.77 	1.79992 	1.728 	
149.81 	1.79992 	1.584 	
149.89 	1.79993 	1.296 	
150.05 	1.79994 	0.72 	
150.199 	1.79995 	0.185178 	
150.25 	1.79995 	0 	
150.264 	1.79995 	0 	
150.291 	1.79995 	0 	
150.345 	1.79995 	0 	
150.453 	1.79996 	0 	
150.5 	1.79996 	0 	
150.512 	1.79996 	0 	
150.535 	1.79996 	0 	
150.582 	1.79996 	0 	
150.65 	1.79997 	0 	
150.725 	1.79997 	0 	
150.797 	1.79997 	0 	
150.851 	1.79997 	0 	
150.907 	1.79997 	0 	
150.967 	1.79998 	0 	
151.034 	1.79998 	0 	
151.081 	1.79998 	0 	
151.133 	1.79998 	0 	
151.202 	1.79998 	0 	
151.28 	1.79998 	0 	
151.387 	1.79998 	0 	
151.578 	1.79999 	0 	
151.96 	1.79999 	0 	
152.46 	1.8 	0 	
152.96 	1.8 	0 	
153.46 	1.8 	0 	
153.96 	1.8 	0 	
154.46 	1.8 	0 	
154.96 	1.8 	0 	
155.46 	1.8 	0 	
155.96 	1.8 	0 	
156.46 	1.8 	0 	
156.96 	1.8 	0 	
157.46 	1.8 	0 	
157.96 	1.8 	0 	
158.46 	1.8 	0 	
158.893 	1.8 	0 	
159.257 	1.8 	0 	
159.512 	1.8 	0 	
159.703 	1.8 	0 	
159.907 	1.8 	0 	
160.023 	1.8 	0 	
160.138 	1.8 	0 	
160.251 	1.8 	0 	
160.353 	1.8 	0 	
160.483 	1.8 	0 	
160.625 	1.8 	0 	
160.909 	1.8 	0 	
161.409 	1.8 	0 	
161.909 	1.8 	0 	
162.409 	1.8 	0 	
162.909 	1.8 	0 	
163.409 	1.8 	0 	
163.909 	1.8 	0 	
164.409 	1.8 	0 	
164.909 	1.8 	0 	
165.409 	1.8 	0 	
165.909 	1.8 	0 	
166.409 	1.8 	0 	
166.909 	1.8 	0 	
167.409 	1.8 	0 	
167.909 	1.8 	0 	
168.409 	1.8 	0 	
168.909 	1.8 	0 	
169.409 	1.8 	0 	
169.909 	1.8 	0 	
170.409 	1.8 	0 	
170.909 	1.8 	0 	
171.409 	1.8 	0 	
171.909 	1.8 	0 	
172.409 	1.8 	0 	
172.909 	1.8 	0 	
173.409 	1.8 	0 	
173.909 	1.8 	0 	
174.409 	1.8 	0 	
174.75 	1.8 	0 	
174.786 	1.8 	0.128637 	
174.857 	1.8 	0.385911 	
175 	1.8 	0.90046 	
175.147 	1.8 	1.42845 	
175.25 	1.8 	1.8 	
175.264 	1.8 	1.8 	
175.293 	1.8 	1.8 	
175.351 	1.8 	1.8 	
175.466 	1.8 	1.8 	
175.572 	1.8 	1.8 	
175.67 	1.8 	1.8 	
175.756 	1.80001 	1.8 	
175.823 	1.80001 	1.8 	
175.891 	1.80001 	1.8 	
175.963 	1.79997 	1.8 	
176.018 	1.79977 	1.8 	
176.076 	1.7996 	1.8 	
176.142 	1.7996 	1.8 	
176.205 	1.79962 	1.8 	
176.298 	1.79965 	1.8 	
176.422 	1.79969 	1.8 	
176.669 	1.79976 	1.8 	
177.165 	1.79985 	1.8 	
177.665 	1.79991 	1.8 	
178.165 	1.79994 	1.8 	
178.665 	1.79996 	1.8 	
179.165 	1.79997 	1.8 	
179.665 	1.79998 	1.8 	
180.165 	1.79999 	1.8 	
180.665 	1.79999 	1.8 	
181.165 	1.79999 	1.8 	
181.665 	1.79999 	1.8 	
182.165 	1.79999 	1.8 	
182.665 	1.8 	1.8 	
183.165 	1.8 	1.8 	
183.582 	1.8 	1.8 	
183.917 	1.8 	1.8 	
184.122 	1.79978 	1.8 	
184.285 	1.79503 	1.8 	
184.422 	1.76274 	1.8 	
184.553 	1.71925 	1.8 	
184.666 	1.68574 	1.8 	
184.786 	1.64764 	1.8 	
184.974 	1.59013 	1.8 	
185.217 	1.51452 	1.8 	
185.677 	1.37381 	1.8 	
186.177 	1.22113 	1.8 	
186.677 	1.07159 	1.8 	
187.177 	0.922699 	1.8 	
187.677 	0.780887 	1.8 	
188.177 	0.641255 	1.8 	
188.677 	0.512524 	1.8 	
189.177 	0.400365 	1.8 	
189.549 	0.329431 	1.8 	
189.936 	0.264033 	1.8 	
190.253 	0.216808 	1.8 	
190.597 	0.169011 	1.8 	
191.027 	0.116431 	1.8 	
191.527 	0.0697631 	1.8 	
192.027 	0.0390014 	1.8 	
192.527 	0.0208344 	1.8 	
193.027 	0.0108031 	1.8 	
193.527 	0.00554134 	1.8 	
194.027 	0.00280767 	1.8 	
194.527 	0.00143765 	1.8 	
195.027 	0.000724141 	1.8 	
195.527 	0.000378869 	1.8 	
196.027 	0.000188746 	1.8 	
196.527 	0.00010427 	1.8 	
197.027 	4.96578e-05 	1.8 	
197.527 	3.12526e-05 	1.8 	
198.027 	1.28506e-05 	1.8 	
198.527 	1.10264e-05 	1.8 	
199.027 	2.95639e-06 	1.8 	
199.5 	5.1273e-06 	1.8 	
199.525 	3.53223e-06 	1.8 	
199.575 	2.91062e-06 	1.8 	
199.675 	2.8184e-06 	1.8 	
199.75 	2.55704e-06 	1.8 	
199.77 	2.54891e-06 	1.728 	
199.81 	2.48095e-06 	1.584 	
199.89 	2.32448e-06 	1.296 	
200.05 	2.06225e-06 	0.72 	
200.199 	1.85759e-06 	0.185176 	
200.25 	1.79924e-06 	0 	
200.264 	1.7896e-06 	0 	
200.291 	1.73904e-06 	0 	
200.345 	1.6588e-06 	0 	
200.453 	1.58956e-06 	0 	
200.5 	1.53501e-06 	0 	
200.519 	1.51532e-06 	0 	
200.558 	1.47839e-06 	0 	
200.634 	1.41364e-06 	0 	
200.788 	1.30162e-06 	0 	
201.096 	1.12305e-06 	0 	
201.596 	9.26152e-07 	0 	
202.096 	8.03881e-07 	0 	
202.596 	7.23652e-07 	0 	
203.096 	6.67602e-07 	0 	
203.596 	6.25612e-07 	0 	
204.096 	5.92494e-07 	0 	
204.596 	5.64977e-07 	0 	
205.096 	5.41271e-07 	0 	
205.596 	5.20223e-07 	0 	
206.096 	5.01222e-07 	0 	
206.596 	4.83791e-07 	0 	
207.096 	4.67701e-07 	0 	
207.596 	4.52708e-07 	0 	
208.096 	4.38713e-07 	0 	
208.596 	4.25566e-07 	0 	
209.096 	4.13214e-07 	0 	
209.596 	4.01553e-07 	0 	
210.096 	3.9055e-07 	0 	
210.596 	3.80123e-07 	0 	
211.096 	3.70251e-07 	0 	
211.596 	3.60869e-07 	0 	
212.096 	3.51959e-07 	0 	
212.596 	3.43471e-07 	0 	
213.096 	3.35389e-07 	0 	
213.596 	3.27673e-07 	0 	
214.096 	3.2031e-07 	0 	
214.596 	3.13264e-07 	0 	
215.096 	3.06527e-07 	0 	
215.596 	3.00068e-07 	0 	
216.096 	2.93881e-07 	0 	
216.596 	2.87939e-07 	0 	
217.096 	2.82238e-07 	0 	
217.596 	2.76753e-07 	0 	
218.096 	2.71483e-07 	0 	
218.596 	2.66404e-07 	0 	
219.096 	2.61517e-07 	0 	
219.596 	2.56803e-07 	0 	
220.096 	2.52259e-07 	0 	
220.596 	2.4787e-07 	0 	
221.096 	2.43635e-07 	0 	
221.596 	2.39539e-07 	0 	
222.096 	2.35582e-07 	0 	
222.596 	2.3175e-07 	0 	
223.096 	2.28046e-07 	0 	
223.596 	2.24454e-07 	0 	
224.096 	2.20978e-07 	0 	
224.596 	2.17604e-07 	0 	
224.75 	2.16586e-07 	0 	
224.769 	2.3915e-07 	0.0672703 	
224.806 	2.09967e-07 	0.201811 	
224.881 	1.83062e-07 	0.470892 	
225.03 	2.1896e-07 	1.00905 	
225.197 	2.72563e-07 	1.60824 	
225.25 	2.44417e-06 	1.8 	
225.266 	2.41358e-06 	1.8 	
225.297 	1.50173e-06 	1.8 	
225.361 	-5.68288e-07 	1.8 	
225.487 	-1.72928e-06 	1.8 	
225.611 	-1.00604e-05 	1.8 	
225.721 	6.39856e-05 	1.8 	
225.824 	0.000366188 	1.8 	
225.923 	-0.000610579 	1.8 	
226.015 	-0.0029304 	1.8 	
226.086 	-0.0030282 	1.8 	
226.162 	-0.00286742 	1.8 	
226.244 	-0.00270815 	1.8 	
226.329 	-0.00255019 	1.8 	
226.392 	-0.00244048 	1.8 	
226.459 	-0.00232979 	1.8 	
226.538 	-0.00220415 	1.8 	
226.651 	-0.0020359 	1.8 	
226.878 	-0.00173678 	1.8 	
227.283 	-0.00130546 	1.8 	
227.783 	-0.000917261 	1.8 	
228.283 	-0.000643811 	1.8 	
228.783 	-0.000452576 	1.8 	
229.283 	-0.000317308 	1.8 	
229.783 	-0.000223186 	1.8 	
230.283 	-0.000156077 	1.8 	
230.783 	-0.000109884 	1.8 	
231.283 	-7.6421e-05 	1.8 	
231.783 	-5.39002e-05 	1.8 	
232.283 	-3.70566e-05 	1.8 	
232.783 	-2.62308e-05 	1.8 	
233.283 	-1.7608e-05 	1.8 	
233.693 	-1.36332e-05 	1.8 	
234.029 	-8.98739e-06 	1.8 	
234.235 	3.39123e-05 	1.8 	
234.413 	-5.18731e-05 	1.8 	
234.547 	-0.000177533 	1.8 	
234.693 	-0.000310529 	1.8 	
234.825 	-0.000413216 	1.8 	
234.961 	-0.000520128 	1.8 	
235.199 	-0.000684628 	1.8 	
235.519 	-0.000878876 	1.8 	
236.019 	-0.000838727 	1.8 	
236.519 	0.00210891 	1.8 	
237.019 	0.0162337 	1.8 	
237.519 	0.0527468 	1.8 	
238.019 	0.121198 	1.8 	
238.519 	0.22525 	1.8 	
239.019 	0.36219 	1.8 	
239.519 	0.526412 	1.8 	
240.019 	0.710965 	1.8 	
240.519 	0.908824 	1.8 	
240.919 	1.07267 	1.8 	
241.212 	1.19172 	1.8 	
241.428 	1.2754 	1.8 	
241.664 	1.36023 	1.8 	
241.917 	1.44158 	1.8 	
242.417 	1.56975 	1.8 	
242.917 	1.65787 	1.8 	
243.417 	1.71454 	1.8 	
243.917 	1.74946 	1.8 	
244.417 	1.77041 	1.8 	
244.917 	1.78277 	1.8 	
245.417 	1.79001 	1.8 	
245.917 	1.79421 	1.8 	
246.417 	1.79666 	1.8 	
246.917 	1.79807 	1.8 	
247.417 	1.79888 	1.8 	
247.917 	1.79935 	1.8 	
248.417 	1.79963 	1.8 	
248.917 	1.79978 	1.8 	
249.417 	1.79988 	1.8 	
249.5 	1.79989 	1.8 	
249.525 	1.79989 	1.8 	
249.575 	1.7999 	1.8 	
249.675 	1.79991 	1.8 	
249.75 	1.79991 	1.8 	
249.77 	1.79991 	1.728 	
249.81 	1.79992 	1.584 	
249.89 	1.79993 	1.296 	
250.05 	1.79994 	0.72 	
250.199 	1.79995 	0.185178 	
250.25 	1.79995 	0 	
250.264 	1.79995 	0 	
250.291 	1.79995 	0 	
250.345 	1.79995 	0 	
250.453 	1.79996 	0 	
250.5 	1.79996 	0 	
250.512 	1.79996 	0 	
250.535 	1.79996 	0 	
250.582 	1.79996 	0 	
250.652 	1.79997 	0 	
250.721 	1.79997 	0 	
250.794 	1.79997 	0 	
250.851 	1.79997 	0 	
250.909 	1.79997 	0 	
250.966 	1.79998 	0 	
251.026 	1.79998 	0 	
251.078 	1.79998 	0 	
251.138 	1.79998 	0 	
251.206 	1.79998 	0 	
251.283 	1.79998 	0 	
251.358 	1.79998 	0 	
251.407 	1.79999 	0 	
251.456 	1.79999 	0 	
251.533 	1.79999 	0 	
251.606 	1.79999 	0 	
251.751 	1.79999 	0 	
251.964 	1.79999 	0 	
252.388 	1.79999 	0 	
252.888 	1.8 	0 	
253.388 	1.8 	0 	
253.888 	1.8 	0 	
254.388 	1.8 	0 	
254.888 	1.8 	0 	
255.388 	1.8 	0 	
255.888 	1.8 	0 	
256.388 	1.8 	0 	
256.888 	1.8 	0 	
257.388 	1.8 	0 	
257.888 	1.8 	0 	
258.388 	1.8 	0 	
258.838 	1.8 	0 	
259.212 	1.8 	0 	
259.455 	1.8 	0 	
259.619 	1.8 	0 	
259.772 	1.8 	0 	
259.877 	1.8 	0 	
259.983 	1.8 	0 	
260.093 	1.8 	0 	
260.158 	1.8 	0 	
260.231 	1.8 	0 	
260.318 	1.8 	0 	
260.399 	1.8 	0 	
260.485 	1.8 	0 	
260.536 	1.8 	0 	
260.594 	1.8 	0 	
260.668 	1.8 	0 	
260.722 	1.8 	0 	
260.776 	1.8 	0 	
260.846 	1.8 	0 	
260.92 	1.8 	0 	
261.021 	1.8 	0 	
261.205 	1.8 	0 	
261.571 	1.8 	0 	
262.071 	1.8 	0 	
262.571 	1.8 	0 	
263.071 	1.8 	0 	
263.571 	1.8 	0 	
264.071 	1.8 	0 	
264.571 	1.8 	0 	
265.071 	1.8 	0 	
265.571 	1.8 	0 	
266.071 	1.8 	0 	
266.571 	1.8 	0 	
267.071 	1.8 	0 	
267.571 	1.8 	0 	
268.071 	1.8 	0 	
268.571 	1.8 	0 	
268.994 	1.8 	0 	
269.236 	1.8 	0 	
269.423 	1.8 	0 	
269.553 	1.8 	0 	
269.665 	1.8 	0 	
269.769 	1.8 	0 	
269.878 	1.8 	0 	
270.028 	1.8 	0 	
270.166 	1.8 	0 	
270.441 	1.8 	0 	
270.941 	1.8 	0 	
271.441 	1.8 	0 	
271.941 	1.8 	0 	
272.441 	1.8 	0 	
272.941 	1.8 	0 	
273.441 	1.8 	0 	
273.941 	1.8 	0 	
274.441 	1.8 	0 	
274.75 	1.8 	0 	
274.783 	1.8 	0.118182 	
274.848 	1.8 	0.354545 	
274.98 	1.8 	0.827271 	
275.126 	1.8 	1.3533 	
275.25 	1.8 	1.8 	
275.264 	1.8 	1.8 	
275.292 	1.8 	1.8 	
275.349 	1.8 	1.8 	
275.448 	1.8 	1.8 	
275.551 	1.8 	1.8 	
275.648 	1.8 	1.8 	
275.735 	1.80001 	1.8 	
275.804 	1.80001 	1.8 	
275.875 	1.80001 	1.8 	
275.947 	1.79999 	1.8 	
276.01 	1.79978 	1.8 	
276.079 	1.79959 	1.8 	
276.143 	1.7996 	1.8 	
276.218 	1.79962 	1.8 	
276.307 	1.79965 	1.8 	
276.44 	1.79969 	1.8 	
276.708 	1.79976 	1.8 	
277.103 	1.79984 	1.8 	
277.603 	1.7999 	1.8 	
278.103 	1.79994 	1.8 	
278.603 	1.79996 	1.8 	
279.103 	1.79997 	1.8 	
279.603 	1.79998 	1.8 	
280.103 	1.79999 	1.8 	
280.603 	1.79999 	1.8 	
281.103 	1.79999 	1.8 	
281.603 	1.79999 	1.8 	
282.103 	1.8 	1.8 	
282.603 	1.79999 	1.8 	
283.103 	1.8 	1.8 	
283.52 	1.8 	1.8 	
283.886 	1.8 	1.8 	
284.137 	1.80037 	1.8 	
284.313 	1.78831 	1.8 	
284.461 	1.7487 	1.8 	
284.6 	1.70312 	1.8 	
284.732 	1.66345 	1.8 	
284.873 	1.619 	1.8 	
285.082 	1.555 	1.8 	
285.36 	1.46881 	1.8 	
285.839 	1.32241 	1.8 	
286.339 	1.17038 	1.8 	
286.839 	1.02152 	1.8 	
287.339 	0.873655 	1.8 	
287.839 	0.732178 	1.8 	
288.339 	0.595538 	1.8 	
288.839 	0.471845 	1.8 	
289.217 	0.390873 	1.8 	
289.527 	0.331748 	1.8 	
289.854 	0.27582 	1.8 	
290.162 	0.228785 	1.8 	
290.501 	0.180747 	1.8 	
290.971 	0.12184 	1.8 	
291.471 	0.0735509 	1.8 	
291.971 	0.041353 	1.8 	
292.471 	0.0221585 	1.8 	
292.971 	0.0115178 	1.8 	
293.471 	0.00590576 	1.8 	
293.971 	0.00299785 	1.8 	
294.471 	0.00152923 	1.8 	
294.971 	0.000773434 	1.8 	
295.471 	0.000400491 	1.8 	
295.971 	0.000201685 	1.8 	
296.471 	0.000108657 	1.8 	
296.971 	5.30546e-05 	1.8 	
297.471 	3.16344e-05 	1.8 	
297.971 	1.35889e-05 	1.8 	
298.471 	1.06685e-05 	1.8 	
298.971 	2.86162e-06 	1.8 	
299.471 	4.71929e-06 	1.8 	
299.5 	1.24597e-06 	1.8 	
299.525 	2.58229e-06 	1.8 	
299.575 	2.56332e-06 	1.8 	
299.661 	2.30404e-06 	1.8 	
299.75 	2.19549e-06 	1.8 	
299.767 	2.1339e-06 	1.73775 	
299.802 	2.06012e-06 	1.61324 	
299.871 	1.94037e-06 	1.36422 	
300.009 	1.70653e-06 	0.866189 	
300.14 	1.53339e-06 	0.397126 	
300.25 	1.40119e-06 	1.50768e-13 	
300.264 	1.39396e-06 	0 	
300.29 	1.34596e-06 	0 	
300.344 	1.27038e-06 	0 	
300.452 	1.20945e-06 	0 	
300.5 	1.15684e-06 	0 	
300.519 	1.13866e-06 	0 	
300.558 	1.10441e-06 	0 	
300.634 	1.04474e-06 	0 	
300.788 	9.42693e-07 	0 	
301.095 	7.82739e-07 	0 	
301.595 	6.13057e-07 	0 	
302.095 	5.14676e-07 	0 	
302.595 	4.55588e-07 	0 	
303.095 	4.18296e-07 	0 	
303.595 	3.93333e-07 	0 	
304.095 	3.75393e-07 	0 	
304.595 	3.61594e-07 	0 	
305.095 	3.50273e-07 	0 	
305.595 	3.40527e-07 	0 	
306.095 	3.31805e-07 	0 	
306.595 	3.23818e-07 	0 	
307.095 	3.16365e-07 	0 	
307.595 	3.09353e-07 	0 	
308.095 	3.02688e-07 	0 	
308.595 	2.9635e-07 	0 	
309.095 	2.90275e-07 	0 	
309.595 	2.8447e-07 	0 	
310.095 	2.78883e-07 	0 	
310.595 	2.73532e-07 	0 	
311.095 	2.68367e-07 	0 	
311.595 	2.63413e-07 	0 	
312.095 	2.58621e-07 	0 	
312.595 	2.5402e-07 	0 	
313.095 	2.4956e-07 	0 	
313.595 	2.45275e-07 	0 	
314.095 	2.41115e-07 	0 	
314.595 	2.37114e-07 	0 	
315.095 	2.33224e-07 	0 	
315.595 	2.2948e-07 	0 	
316.095 	2.25835e-07 	0 	
316.595 	2.22323e-07 	0 	
317.095 	2.18901e-07 	0 	
317.595 	2.15601e-07 	0 	
318.095 	2.12382e-07 	0 	
318.595 	2.09275e-07 	0 	
319.095 	2.06241e-07 	0 	
319.595 	2.0331e-07 	0 	
320.095 	2.00446e-07 	0 	
320.595 	1.97678e-07 	0 	
321.095 	1.9497e-07 	0 	
321.595 	1.9235e-07 	0 	
322.095 	1.89786e-07 	0 	
322.595 	1.87304e-07 	0 	
323.095 	1.84872e-07 	0 	
323.595 	1.82516e-07 	0 	
324.095 	1.80207e-07 	0 	
324.595 	1.77969e-07 	0 	
324.75 	1.77279e-07 	0 	
324.769 	1.99864e-07 	0.0674045 	
324.806 	1.7129e-07 	0.202214 	
324.881 	1.4537e-07 	0.471832 	
325.031 	1.80267e-07 	1.01107 	
325.198 	2.42637e-07 	1.61119 	
325.25 	2.40593e-06 	1.8 	
325.266 	2.37509e-06 	1.8 	
325.298 	1.46045e-06 	1.8 	
325.361 	-6.19091e-07 	1.8 	
325.489 	-1.77649e-06 	1.8 	
325.611 	-1.0294e-05 	1.8 	
325.72 	6.3795e-05 	1.8 	
325.823 	0.000362574 	1.8 	
325.921 	-0.000572413 	1.8 	
326.012 	-0.002921 	1.8 	
326.082 	-0.00303444 	1.8 	
326.156 	-0.00287832 	1.8 	
326.238 	-0.00271879 	1.8 	
326.323 	-0.00256084 	1.8 	
326.379 	-0.00246254 	1.8 	
326.442 	-0.00235725 	1.8 	
326.52 	-0.00223204 	1.8 	
326.624 	-0.00207492 	1.8 	
326.824 	-0.00180407 	1.8 	
327.221 	-0.0013636 	1.8 	
327.721 	-0.000958505 	1.8 	
328.221 	-0.000672301 	1.8 	
328.721 	-0.000473014 	1.8 	
329.221 	-0.00033126 	1.8 	
329.721 	-0.000233395 	1.8 	
330.221 	-0.000162883 	1.8 	
330.721 	-0.000115051 	1.8 	
331.221 	-7.97115e-05 	1.8 	
331.721 	-5.65731e-05 	1.8 	
332.221 	-3.86178e-05 	1.8 	
332.721 	-2.76666e-05 	1.8 	
333.221 	-1.83153e-05 	1.8 	
333.611 	-1.46968e-05 	1.8 	
333.942 	-9.71658e-06 	1.8 	
334.184 	6.94001e-06 	1.8 	
334.378 	-9.3121e-06 	1.8 	
334.525 	-0.0002117 	1.8 	
334.679 	-0.000292211 	1.8 	
334.823 	-0.000453962 	1.8 	
334.987 	-0.000536224 	1.8 	
335.159 	-0.000691916 	1.8 	
335.382 	-0.000800403 	1.8 	
335.662 	-0.000967947 	1.8 	
336.066 	-0.000765477 	1.8 	
336.566 	0.00317072 	1.8 	
337.066 	0.0198164 	1.8 	
337.566 	0.060436 	1.8 	
338.066 	0.133959 	1.8 	
338.566 	0.243016 	1.8 	
339.066 	0.384295 	1.8 	
339.566 	0.551863 	1.8 	
340.066 	0.738772 	1.8 	
340.566 	0.938067 	1.8 	
341.066 	1.14226 	1.8 	
341.445 	1.28964 	1.8 	
341.802 	1.41232 	1.8 	
342.054 	1.48664 	1.8 	
342.321 	1.55309 	1.8 	
342.615 	1.61239 	1.8 	
342.959 	1.66598 	1.8 	
343.459 	1.71962 	1.8 	
343.959 	1.75252 	1.8 	
344.459 	1.77223 	1.8 	
344.959 	1.78384 	1.8 	
345.459 	1.79063 	1.8 	
345.959 	1.79458 	1.8 	
346.459 	1.79686 	1.8 	
346.959 	1.79819 	1.8 	
347.459 	1.79895 	1.8 	
347.959 	1.7994 	1.8 	
348.459 	1.79965 	1.8 	
348.959 	1.7998 	1.8 	
349.459 	1.79988 	1.8 	
349.5 	1.79989 	1.8 	
349.525 	1.79989 	1.8 	
349.575 	1.7999 	1.8 	
349.666 	1.79991 	1.8 	
349.75 	1.79991 	1.8 	
349.768 	1.79992 	1.73453 	
349.805 	1.79992 	1.60359 	
349.877 	1.79993 	1.3417 	
350.023 	1.79994 	0.817931 	
350.153 	1.79994 	0.348454 	
350.25 	1.79995 	1.50768e-13 	
350.262 	1.79995 	0 	
350.287 	1.79995 	0 	
350.336 	1.79995 	0 	
350.435 	1.79996 	0 	
350.5 	1.79996 	0 	
350.513 	1.79996 	0 	
350.538 	1.79996 	0 	
350.588 	1.79997 	0 	
350.658 	1.79997 	0 	
350.724 	1.79997 	0 	
350.803 	1.79997 	0 	
350.856 	1.79997 	0 	
350.908 	1.79998 	0 	
350.969 	1.79998 	0 	
351.036 	1.79998 	0 	
351.083 	1.79998 	0 	
351.136 	1.79998 	0 	
351.209 	1.79998 	0 	
351.282 	1.79998 	0 	
351.403 	1.79999 	0 	
351.59 	1.79999 	0 	
351.963 	1.79999 	0 	
352.463 	1.8 	0 	
352.963 	1.8 	0 	
353.463 	1.8 	0 	
353.963 	1.8 	0 	
354.463 	1.8 	0 	
354.963 	1.8 	0 	
355.463 	1.8 	0 	
355.963 	1.8 	0 	
356.463 	1.8 	0 	
356.963 	1.8 	0 	
357.463 	1.8 	0 	
357.963 	1.8 	0 	
358.463 	1.8 	0 	
358.963 	1.8 	0 	
359.319 	1.8 	0 	
359.566 	1.8 	0 	
359.745 	1.8 	0 	
359.936 	1.8 	0 	
360.049 	1.8 	0 	
360.162 	1.8 	0 	
360.264 	1.8 	0 	
360.37 	1.8 	0 	
360.501 	1.8 	0 	
360.64 	1.8 	0 	
360.917 	1.8 	0 	
361.417 	1.8 	0 	
361.917 	1.8 	0 	
362.417 	1.8 	0 	
362.917 	1.8 	0 	
363.417 	1.8 	0 	
363.917 	1.8 	0 	
364.417 	1.8 	0 	
364.917 	1.8 	0 	
365.417 	1.8 	0 	
365.917 	1.8 	0 	
366.417 	1.8 	0 	
366.917 	1.8 	0 	
367.417 	1.8 	0 	
367.917 	1.8 	0 	
368.417 	1.8 	0 	
368.917 	1.8 	0 	
369.417 	1.8 	0 	
369.917 	1.8 	0 	
370.417 	1.8 	0 	
370.917 	1.8 	0 	
371.417 	1.8 	0 	
371.917 	1.8 	0 	
372.417 	1.8 	0 	
372.917 	1.8 	0 	
373.417 	1.8 	0 	
373.917 	1.8 	0 	
374.417 	1.8 	0 	
374.75 	1.8 	0 	
374.785 	1.8 	0.12622 	
374.855 	1.8 	0.378659 	
374.995 	1.8 	0.883539 	
375.144 	1.8 	1.41679 	
375.25 	1.8 	1.8 	
375.264 	1.8 	1.8 	
375.292 	1.8 	1.8 	
375.349 	1.8 	1.8 	
375.462 	1.8 	1.8 	
375.567 	1.8 	1.8 	
375.665 	1.8 	1.8 	
375.751 	1.80001 	1.8 	
375.817 	1.80001 	1.8 	
375.886 	1.80001 	1.8 	
375.967 	1.79996 	1.8 	
376.023 	1.79974 	1.8 	
376.081 	1.79959 	1.8 	
376.143 	1.7996 	1.8 	
376.208 	1.79962 	1.8 	
376.305 	1.79965 	1.8 	
376.441 	1.79969 	1.8 	
376.712 	1.79976 	1.8 	
377.212 	1.79985 	1.8 	
377.712 	1.79991 	1.8 	
378.212 	1.79994 	1.8 	
378.712 	1.79996 	1.8 	
379.212 	1.79997 	1.8 	
379.712 	1.79998 	1.8 	
380.212 	1.79999 	1.8 	
380.712 	1.79999 	1.8 	
381.212 	1.79999 	1.8 	
381.712 	1.79999 	1.8 	
382.212 	1.79999 	1.8 	
382.712 	1.8 	1.8 	
383.212 	1.8 	1.8 	
383.651 	1.8 	1.8 	
383.993 	1.8 	1.8 	
384.194 	1.80017 	1.8 	
384.39 	1.78555 	1.8 	
384.532 	1.74618 	1.8 	
384.669 	1.70134 	1.8 	
384.806 	1.66023 	1.8 	
384.953 	1.61394 	1.8 	
385.165 	1.54883 	1.8 	
385.45 	1.46073 	1.8 	
385.92 	1.31722 	1.8 	
386.42 	1.1652 	1.8 	
386.92 	1.0165 	1.8 	
387.42 	0.868631 	1.8 	
387.92 	0.727425 	1.8 	
388.42 	0.591102 	1.8 	
388.92 	0.467946 	1.8 	
389.294 	0.38823 	1.8 	
389.609 	0.328343 	1.8 	
389.938 	0.272616 	1.8 	
390.323 	0.2145 	1.8 	
390.682 	0.164898 	1.8 	
391.182 	0.105826 	1.8 	
391.682 	0.0624209 	1.8 	
392.182 	0.0345188 	1.8 	
392.682 	0.0183038 	1.8 	
393.182 	0.00946007 	1.8 	
393.682 	0.00483757 	1.8 	
394.182 	0.00245381 	1.8 	
394.682 	0.00125242 	1.8 	
395.182 	0.000634053 	1.8 	
395.682 	0.000329226 	1.8 	
396.182 	0.000165895 	1.8 	
396.682 	9.00634e-05 	1.8 	
397.182 	4.37593e-05 	1.8 	
397.682 	2.67409e-05 	1.8 	
398.182 	1.11414e-05 	1.8 	
398.682 	9.44457e-06 	1.8 	
399.182 	2.19189e-06 	1.8 	
399.5 	5.02607e-06 	1.8 	
399.525 	2.9838e-06 	1.8 	
399.575 	2.78246e-06 	1.8 	
399.675 	2.60815e-06 	1.8 	
399.75 	2.3714e-06 	1.8 	
399.77 	2.35495e-06 	1.728 	
399.81 	2.27895e-06 	1.584 	
399.89 	2.11936e-06 	1.296 	
400 	1.92741e-06 	0.9 	
