0 	3.55567e-09 	0 	
0.005 	3.54174e-09 	0 	
0.01 	3.53378e-09 	0 	
0.02 	3.5255e-09 	0 	
0.04 	3.52868e-09 	0 	
0.08 	3.53929e-09 	0 	
0.16 	3.54354e-09 	0 	
0.32 	3.54437e-09 	0 	
0.64 	3.54359e-09 	0 	
1.14 	3.54463e-09 	0 	
1.64 	3.5439e-09 	0 	
2.14 	3.54402e-09 	0 	
2.64 	3.54441e-09 	0 	
3.14 	3.54387e-09 	0 	
3.64 	3.54426e-09 	0 	
4.14 	3.54389e-09 	0 	
4.64 	3.54433e-09 	0 	
5 	3.54397e-09 	0 	
5 	0.160457 	0.18 	
5 	0.459302 	0.54 	
5 	0.513373 	0.63 	
5 	0.52342 	0.6525 	
5 	0.503083 	0.6975 	
5 	0.520655 	0.7875 	
5.00001 	0.74805 	0.9675 	
5.00001 	0.888946 	1.28351 	
5.00001 	0.907571 	1.33817 	
5.00001 	0.948534 	1.44749 	
5.00001 	1.12909 	1.66613 	
5.00001 	1.19142 	1.8 	
5.00001 	1.1536 	1.8 	
5.00001 	1.09167 	1.8 	
5.00001 	1.0148 	1.8 	
5.00001 	0.917757 	1.8 	
5.00002 	0.828081 	1.8 	
5.00002 	0.705668 	1.8 	
5.00003 	0.571012 	1.8 	
5.00005 	0.455634 	1.8 	
5.00009 	0.351138 	1.8 	
5.00015 	0.269936 	1.8 	
5.00024 	0.226681 	1.8 	
5.00036 	0.197175 	1.8 	
5.00058 	0.173994 	1.8 	
5.00095 	0.158393 	1.8 	
5.00157 	0.143331 	1.8 	
5.00258 	0.118977 	1.8 	
5.00461 	0.0803272 	1.8 	
5.00868 	0.0250535 	1.8 	
5.0168 	-0.0344451 	1.8 	
5.03305 	-0.0774787 	1.8 	
5.06554 	-0.167831 	1.8 	
5.1132 	-0.249732 	1.8 	
5.17611 	1.40895 	1.8 	
5.23313 	1.80406 	1.8 	
5.29248 	1.77956 	1.8 	
5.36206 	1.80613 	1.8 	
5.42659 	1.79638 	1.8 	
5.55566 	1.80252 	1.8 	
5.81379 	1.79786 	1.8 	
6.31379 	1.80195 	1.8 	
6.81379 	1.79822 	1.8 	
7.31379 	1.8016 	1.8 	
7.81379 	1.79857 	1.8 	
8.31379 	1.80126 	1.8 	
8.81379 	1.7989 	1.8 	
9.31379 	1.80091 	1.8 	
9.81379 	1.79926 	1.8 	
9.9 	1.80027 	1.8 	
9.92 	1.79995 	1.8 	
9.96 	1.79993 	1.8 	
10.04 	1.8 	1.8 	
10.1 	1.79997 	1.8 	
10.116 	1.79999 	1.8 	
10.148 	1.79999 	1.8 	
10.212 	1.8 	1.8 	
10.34 	1.8 	1.8 	
10.596 	1.80002 	1.8 	
11.096 	1.80016 	1.8 	
11.596 	1.801 	1.8 	
12.096 	1.80482 	1.8 	
12.596 	1.81574 	1.8 	
13.096 	1.81773 	1.8 	
13.596 	0.055538 	1.8 	
13.9996 	-0.0369217 	1.8 	
14.4202 	0.0352783 	1.8 	
14.9162 	-0.031787 	1.8 	
15.4162 	0.0305634 	1.8 	
15.9162 	-0.0279836 	1.8 	
16.4162 	0.0268123 	1.8 	
16.9162 	-0.0246765 	1.8 	
17.4162 	0.0235939 	1.8 	
17.9162 	-0.0217863 	1.8 	
18.4162 	0.0207919 	1.8 	
18.9162 	-0.0192476 	1.8 	
19.4162 	0.0183391 	1.8 	
19.9 	-0.0169772 	1.8 	
19.91 	-0.00693555 	1.8 	
19.93 	0.00117776 	1.8 	
19.97 	-0.000508566 	1.8 	
20 	0.000177088 	1.8 	
20 	-0.0190091 	1.62 	
20 	-0.0718063 	1.26 	
20 	-0.367436 	0.698877 	
20 	-1.3544 	0.158837 	
20 	-1.78106 	0 	
20 	-1.78061 	0 	
20 	-1.77359 	0 	
20 	-1.75071 	0 	
20 	-1.71378 	0 	
20 	-1.70169 	0 	
20 	-1.67348 	0 	
20 	-1.61044 	0 	
20 	-1.48719 	0 	
20 	-1.26189 	0 	
20 	-0.916593 	0 	
20 	-0.537361 	0 	
20 	-0.311339 	0 	
20.0001 	-0.270415 	0 	
20.0001 	-0.242658 	0 	
20.0001 	-0.202378 	0 	
20.0002 	-0.16499 	0 	
20.0004 	-0.143884 	0 	
20.0006 	-0.138199 	0 	
20.0009 	-0.129937 	0 	
20.0015 	-0.119971 	0 	
20.0027 	-0.0971903 	0 	
20.005 	-0.0652635 	0 	
20.0098 	-0.020116 	0 	
20.0192 	0.01055 	0 	
20.038 	0.0161127 	0 	
20.0757 	0.00277135 	0 	
20.1 	0.00253611 	0 	
20.1075 	0.00139069 	0 	
20.1226 	0.000853286 	0 	
20.1528 	0.000307964 	0 	
20.2131 	2.43279e-05 	0 	
20.3337 	-2.16279e-05 	0 	
20.575 	2.09063e-05 	0 	
21.0576 	-1.87223e-05 	0 	
21.5576 	1.89906e-05 	0 	
22.0576 	-1.68966e-05 	0 	
22.5576 	1.72416e-05 	0 	
23.0576 	-1.52801e-05 	0 	
23.5576 	1.51789e-05 	0 	
24.0576 	-1.44171e-05 	0 	
24.5576 	1.24665e-05 	0 	
25.0576 	-1.46513e-05 	0 	
25.5576 	9.58171e-06 	0 	
26.0576 	-1.36162e-05 	0 	
26.5576 	8.99109e-06 	0 	
27.0576 	-1.12836e-05 	0 	
27.5576 	8.79728e-06 	0 	
28.0576 	-9.44918e-06 	0 	
28.5576 	8.19293e-06 	0 	
29.0576 	-8.17792e-06 	0 	
29.5576 	7.40487e-06 	0 	
29.9 	-7.01218e-06 	0 	
29.92 	-1.79866e-06 	0 	
29.96 	6.83268e-07 	0 	
30.04 	-6.17977e-07 	0 	
30.1 	2.47616e-07 	0 	
30.116 	2.52679e-08 	0 	
30.148 	-1.43874e-07 	0 	
30.212 	-6.14375e-08 	0 	
30.34 	-1.09555e-07 	0 	
30.596 	-5.4893e-08 	0 	
31.096 	-8.43707e-08 	0 	
31.596 	-3.00383e-08 	0 	
32.096 	-6.73605e-08 	0 	
32.596 	-1.56377e-08 	0 	
33.096 	-5.38945e-08 	0 	
33.596 	-5.91777e-09 	0 	
34.096 	-4.27696e-08 	0 	
34.596 	8.68508e-10 	0 	
35 	-3.40563e-08 	0 	
35 	0.160209 	0.18 	
35 	0.455985 	0.54 	
35 	0.509444 	0.63 	
35 	0.519764 	0.6525 	
35 	0.520704 	0.6975 	
35 	0.522317 	0.7875 	
35 	0.729522 	0.9675 	
35 	0.877768 	1.27732 	
35 	0.896173 	1.34266 	
35 	0.946082 	1.47333 	
35 	1.13776 	1.73467 	
35 	1.17428 	1.8 	
35 	1.1321 	1.8 	
35 	1.06331 	1.8 	
35 	0.980184 	1.8 	
35 	0.877155 	1.8 	
35 	0.788987 	1.8 	
35 	0.670293 	1.8 	
35 	0.541966 	1.8 	
35.0001 	0.433873 	1.8 	
35.0001 	0.332898 	1.8 	
35.0002 	0.261064 	1.8 	
35.0003 	0.220285 	1.8 	
35.0004 	0.192652 	1.8 	
35.0006 	0.171053 	1.8 	
35.001 	0.156227 	1.8 	
35.0017 	0.139982 	1.8 	
35.0028 	0.113818 	1.8 	
35.0051 	0.0725037 	1.8 	
35.0097 	0.01644 	1.8 	
35.0187 	-0.0414736 	1.8 	
35.0369 	-0.080379 	1.8 	
35.0732 	-0.202322 	1.8 	
35.1269 	-0.0257062 	1.8 	
35.1956 	1.55442 	1.8 	
35.2592 	1.82142 	1.8 	
35.3256 	1.77923 	1.8 	
35.4236 	1.8112 	1.8 	
35.5358 	1.79245 	1.8 	
35.7603 	1.80613 	1.8 	
36.2093 	1.79445 	1.8 	
36.7093 	1.80507 	1.8 	
37.2093 	1.79536 	1.8 	
37.7093 	1.80423 	1.8 	
38.2093 	1.79613 	1.8 	
38.7093 	1.80351 	1.8 	
39.2093 	1.7968 	1.8 	
39.7093 	1.80288 	1.8 	
39.9 	1.79779 	1.8 	
39.92 	1.79905 	1.8 	
39.96 	1.80014 	1.8 	
40.04 	1.79992 	1.8 	
40.1 	1.80004 	1.8 	
40.116 	1.80002 	1.8 	
40.148 	1.80001 	1.8 	
40.212 	1.80002 	1.8 	
40.34 	1.80003 	1.8 	
40.596 	1.8001 	1.8 	
41.096 	1.80059 	1.8 	
41.596 	1.80316 	1.8 	
42.096 	1.81099 	1.8 	
42.596 	1.8426 	1.8 	
43.096 	0.0889611 	1.8 	
43.4471 	-0.0396632 	1.8 	
43.8246 	0.0374715 	1.8 	
44.2881 	-0.0345183 	1.8 	
44.7881 	0.033221 	1.8 	
45.2881 	-0.0305505 	1.8 	
45.7881 	0.0293204 	1.8 	
46.2881 	-0.0269917 	1.8 	
46.7881 	0.0258477 	1.8 	
47.2881 	-0.0238465 	1.8 	
47.7881 	0.0227895 	1.8 	
48.2881 	-0.0210721 	1.8 	
48.7881 	0.0201017 	1.8 	
49.2881 	-0.018625 	1.8 	
49.7881 	0.0177388 	1.8 	
49.9 	-0.0132312 	1.8 	
49.91 	-0.00540949 	1.8 	
49.93 	0.000926585 	1.8 	
49.97 	-0.00039347 	1.8 	
50 	0.000139469 	1.8 	
50 	-0.0190381 	1.62 	
50 	-0.0718171 	1.26 	
50 	-0.366952 	0.698862 	
50 	-1.3432 	0.158812 	
50 	-1.77261 	0 	
50 	-1.7722 	0 	
50 	-1.76513 	0 	
50 	-1.7421 	0 	
50 	-1.70473 	0 	
50 	-1.6926 	0 	
50 	-1.66432 	0 	
50 	-1.60123 	0 	
50 	-1.47782 	0 	
50 	-1.25241 	0 	
50 	-0.907902 	0 	
50 	-0.531967 	0 	
50 	-0.310097 	0 	
50.0001 	-0.270179 	0 	
50.0001 	-0.242208 	0 	
50.0001 	-0.201515 	0 	
50.0002 	-0.164242 	0 	
50.0004 	-0.143712 	0 	
50.0006 	-0.137991 	0 	
50.0009 	-0.129764 	0 	
50.0015 	-0.119566 	0 	
50.0027 	-0.0966518 	0 	
50.0051 	-0.0643856 	0 	
50.0099 	-0.0192661 	0 	
50.0194 	0.0109626 	0 	
50.0385 	0.0159421 	0 	
50.0767 	0.00258266 	0 	
50.1 	0.0024891 	0 	
50.1076 	0.0013681 	0 	
50.1229 	0.000830976 	0 	
50.1535 	0.000293792 	0 	
50.2146 	2.12173e-05 	0 	
50.3367 	-2.08216e-05 	0 	
50.5811 	2.05973e-05 	0 	
51.0699 	-1.86012e-05 	0 	
51.5699 	1.89925e-05 	0 	
52.0699 	-1.70001e-05 	0 	
52.5699 	1.74252e-05 	0 	
53.0699 	-1.55045e-05 	0 	
53.5699 	1.54777e-05 	0 	
54.0699 	-1.46746e-05 	0 	
54.5699 	1.28479e-05 	0 	
55.0699 	-1.48947e-05 	0 	
55.5699 	9.89766e-06 	0 	
56.0699 	-1.39419e-05 	0 	
56.5699 	9.22937e-06 	0 	
57.0699 	-1.15943e-05 	0 	
57.5699 	9.02859e-06 	0 	
58.0699 	-9.71279e-06 	0 	
58.5699 	8.41647e-06 	0 	
59.0699 	-8.40512e-06 	0 	
59.5699 	7.61116e-06 	0 	
59.9 	-7.12088e-06 	0 	
59.91 	-2.85255e-06 	0 	
59.93 	3.70146e-07 	0 	
59.97 	-3.05279e-07 	0 	
60 	-1.67485e-08 	0 	
