0 	3.5441e-09 	3.5441e-09 	0 	0 	
0.005 	3.5441e-09 	3.5441e-09 	0 	0 	
0.01 	3.54409e-09 	3.54409e-09 	0 	0 	
0.02 	3.54409e-09 	3.54408e-09 	0 	0 	
0.04 	3.54407e-09 	3.54408e-09 	0 	0 	
0.08 	3.54406e-09 	3.54408e-09 	0 	0 	
0.16 	3.54404e-09 	3.54406e-09 	0 	0 	
0.32 	3.5441e-09 	3.54404e-09 	0 	0 	
0.64 	3.54409e-09 	3.54408e-09 	0 	0 	
1.14 	3.54407e-09 	3.54412e-09 	0 	0 	
1.64 	3.54413e-09 	3.5441e-09 	0 	0 	
2.14 	3.54408e-09 	3.54409e-09 	0 	0 	
2.64 	3.5441e-09 	3.54411e-09 	0 	0 	
3.14 	3.54411e-09 	3.54413e-09 	0 	0 	
3.64 	3.54412e-09 	3.5441e-09 	0 	0 	
4.14 	3.5441e-09 	3.54409e-09 	0 	0 	
4.64 	3.54407e-09 	3.54409e-09 	0 	0 	
5.14 	3.54409e-09 	3.5441e-09 	0 	0 	
5.64 	3.54412e-09 	3.54409e-09 	0 	0 	
6.14 	3.5441e-09 	3.54412e-09 	0 	0 	
6.64 	3.5441e-09 	3.54411e-09 	0 	0 	
7.14 	3.54409e-09 	3.54409e-09 	0 	0 	
7.64 	3.54408e-09 	3.5441e-09 	0 	0 	
8.14 	3.54409e-09 	3.54411e-09 	0 	0 	
8.64 	3.54411e-09 	3.54412e-09 	0 	0 	
9.14 	3.54413e-09 	3.5441e-09 	0 	0 	
9.64 	3.54413e-09 	3.54411e-09 	0 	0 	
10.14 	3.5441e-09 	3.54412e-09 	0 	0 	
10.64 	3.54409e-09 	3.5441e-09 	0 	0 	
11.14 	3.54409e-09 	3.54409e-09 	0 	0 	
11.64 	3.5441e-09 	3.5441e-09 	0 	0 	
12.14 	3.54411e-09 	3.54409e-09 	0 	0 	
12.64 	3.54412e-09 	3.54411e-09 	0 	0 	
13.14 	3.54412e-09 	3.54413e-09 	0 	0 	
13.64 	3.5441e-09 	3.5441e-09 	0 	0 	
14.14 	3.54409e-09 	3.5441e-09 	0 	0 	
14.64 	3.5441e-09 	3.54408e-09 	0 	0 	
15.14 	3.54411e-09 	3.54411e-09 	0 	0 	
15.64 	3.54411e-09 	3.54409e-09 	0 	0 	
16.14 	3.54411e-09 	3.54411e-09 	0 	0 	
16.64 	3.54411e-09 	3.5441e-09 	0 	0 	
17.14 	3.54409e-09 	3.54407e-09 	0 	0 	
17.64 	3.54409e-09 	3.54412e-09 	0 	0 	
18.14 	3.54408e-09 	3.54411e-09 	0 	0 	
18.64 	3.54407e-09 	3.54409e-09 	0 	0 	
19.14 	3.54411e-09 	3.54411e-09 	0 	0 	
19.64 	3.54412e-09 	3.5441e-09 	0 	0 	
20.14 	3.54411e-09 	3.5441e-09 	0 	0 	
20.64 	3.54412e-09 	3.54409e-09 	0 	0 	
21.14 	3.54411e-09 	3.54412e-09 	0 	0 	
21.64 	3.54411e-09 	3.54414e-09 	0 	0 	
22.14 	3.54409e-09 	3.54411e-09 	0 	0 	
22.64 	3.54408e-09 	3.54408e-09 	0 	0 	
23.14 	3.54408e-09 	3.5441e-09 	0 	0 	
23.64 	3.5441e-09 	3.54409e-09 	0 	0 	
24.14 	3.54412e-09 	3.54411e-09 	0 	0 	
24.64 	3.54413e-09 	3.5441e-09 	0 	0 	
25 	3.54412e-09 	3.54415e-09 	0 	0 	
25 	0.000326274 	6.352e-05 	0.18 	0.18 	
25 	0.00114171 	0.000211665 	0.54 	0.54 	
25 	0.00290501 	0.000562899 	1.26 	1.26 	
25 	0.00416115 	0.000849529 	1.8 	1.8 	
25 	0.0042574 	0.000866005 	1.8 	1.8 	
25 	0.00436432 	0.000878618 	1.8 	1.8 	
25 	0.00438367 	0.000860362 	1.8 	1.8 	
25 	0.00437749 	0.000821902 	1.8 	1.8 	
25 	0.00436933 	0.000785594 	1.8 	1.8 	
25 	0.00432377 	0.000725081 	1.8 	1.8 	
25 	0.00418085 	0.00063818 	1.8 	1.8 	
25.0001 	0.00380889 	0.000498011 	1.8 	1.8 	
25.0001 	0.00320763 	0.000314084 	1.8 	1.8 	
25.0002 	0.00273079 	0.000191891 	1.8 	1.8 	
25.0003 	0.00234873 	0.000123161 	1.8 	1.8 	
25.0005 	0.00211637 	0.000101542 	1.8 	1.8 	
25.0007 	0.00196909 	9.77242e-05 	1.8 	1.8 	
25.001 	0.00191167 	9.70022e-05 	1.8 	1.8 	
25.0016 	0.00189393 	9.32018e-05 	1.8 	1.8 	
25.0026 	0.00187628 	8.51995e-05 	1.8 	1.8 	
25.0046 	0.00183434 	7.21492e-05 	1.8 	1.8 	
25.0084 	0.00172883 	4.62835e-05 	1.8 	1.8 	
25.0162 	0.00148929 	3.45898e-06 	1.8 	1.8 	
25.0318 	0.000936549 	-5.60204e-05 	1.8 	1.8 	
25.0629 	-0.000596555 	-0.000128808 	1.8 	1.8 	
25.0931 	-0.00264134 	-9.46046e-05 	1.8 	1.8 	
25.132 	-0.00482949 	-6.80145e-05 	1.8 	1.8 	
25.1717 	-0.00121244 	8.50931e-05 	1.8 	1.8 	
25.2199 	0.0107037 	0.000102411 	1.8 	1.8 	
25.2788 	0.029036 	1.01702e-05 	1.8 	1.8 	
25.3449 	0.0502022 	5.49839e-06 	1.8 	1.8 	
25.4102 	0.0710884 	3.09717e-07 	1.8 	1.8 	
25.5235 	0.10729 	5.65074e-09 	1.8 	1.8 	
25.7501 	0.17947 	-4.83347e-07 	1.8 	1.8 	
26.1562 	0.308102 	5.17333e-08 	1.8 	1.8 	
26.6562 	0.465031 	-3.34432e-07 	1.8 	1.8 	
27.1562 	0.620215 	1.18544e-07 	1.8 	1.8 	
27.6562 	0.773331 	-2.46918e-07 	1.8 	1.8 	
28.1562 	0.923896 	1.42542e-07 	1.8 	1.8 	
28.6562 	1.0708 	-1.9724e-07 	1.8 	1.8 	
29.1562 	1.21111 	1.47233e-07 	1.8 	1.8 	
29.6562 	1.33933 	-1.66892e-07 	1.8 	1.8 	
30.1562 	1.45012 	1.435e-07 	1.8 	1.8 	
30.6562 	1.54096 	-1.46646e-07 	1.8 	1.8 	
31.1562 	1.61226 	1.36281e-07 	1.8 	1.8 	
31.6562 	1.6662 	-1.31617e-07 	1.8 	1.8 	
32.1562 	1.70587 	1.27802e-07 	1.8 	1.8 	
32.6562 	1.7344 	-1.19543e-07 	1.8 	1.8 	
33.1562 	1.7546 	1.19032e-07 	1.8 	1.8 	
33.6562 	1.76872 	-1.09164e-07 	1.8 	1.8 	
34.1562 	1.77854 	1.10357e-07 	1.8 	1.8 	
34.6562 	1.7853 	-9.981e-08 	1.8 	1.8 	
35.1562 	1.78995 	1.01913e-07 	1.8 	1.8 	
35.6562 	1.79313 	-9.11167e-08 	1.8 	1.8 	
36.1562 	1.79532 	9.37319e-08 	1.8 	1.8 	
36.6562 	1.7968 	-8.28816e-08 	1.8 	1.8 	
37.1562 	1.79783 	8.58076e-08 	1.8 	1.8 	
37.6562 	1.79851 	-7.49897e-08 	1.8 	1.8 	
38.1562 	1.79899 	7.81233e-08 	1.8 	1.8 	
38.6562 	1.79931 	-6.73741e-08 	1.8 	1.8 	
39.1562 	1.79953 	7.06613e-08 	1.8 	1.8 	
39.6562 	1.79968 	-5.99951e-08 	1.8 	1.8 	
40.1562 	1.79979 	6.34069e-08 	1.8 	1.8 	
40.6562 	1.79985 	-5.28278e-08 	1.8 	1.8 	
41.1562 	1.7999 	5.63486e-08 	1.8 	1.8 	
41.6562 	1.79993 	-4.5857e-08 	1.8 	1.8 	
42.1562 	1.79996 	4.9477e-08 	1.8 	1.8 	
42.6562 	1.79997 	-3.90721e-08 	1.8 	1.8 	
43.1562 	1.79998 	4.27859e-08 	1.8 	1.8 	
43.6562 	1.79998 	-3.24657e-08 	1.8 	1.8 	
44.1562 	1.79999 	3.62691e-08 	1.8 	1.8 	
44.6562 	1.79999 	-2.60319e-08 	1.8 	1.8 	
45.1562 	1.8 	2.99222e-08 	1.8 	1.8 	
45.6562 	1.79999 	-1.97661e-08 	1.8 	1.8 	
46.1562 	1.8 	2.3741e-08 	1.8 	1.8 	
46.6562 	1.8 	-1.36641e-08 	1.8 	1.8 	
47.1562 	1.8 	1.77215e-08 	1.8 	1.8 	
47.6562 	1.8 	-7.72232e-09 	1.8 	1.8 	
48.1562 	1.8 	1.18602e-08 	1.8 	1.8 	
48.6562 	1.8 	-1.93688e-09 	1.8 	1.8 	
49.1562 	1.8 	6.15332e-09 	1.8 	1.8 	
49.6562 	1.8 	3.69578e-09 	1.8 	1.8 	
50 	1.8 	-6.74841e-10 	1.8 	1.8 	
50 	1.7999 	-3.13989e-05 	1.62 	1.8 	
50 	1.79959 	-0.00012592 	1.26 	1.8 	
50 	1.79821 	-0.000523869 	0.698805 	1.8 	
50 	1.79609 	-0.00112005 	0.156455 	1.8 	
50 	1.79549 	-0.00128664 	0 	1.8 	
50 	1.79534 	-0.00132523 	0 	1.8 	
50 	1.79531 	-0.00133269 	0 	1.8 	
50 	1.79527 	-0.00134402 	0 	1.8 	
50 	1.79522 	-0.00135152 	0 	1.8 	
50 	1.79522 	-0.0013509 	0 	1.8 	
50 	1.79522 	-0.00134881 	0 	1.8 	
50 	1.79522 	-0.00134093 	0 	1.8 	
50 	1.79525 	-0.00131834 	0 	1.8 	
50 	1.79533 	-0.00126814 	0 	1.8 	
50 	1.79547 	-0.00117699 	0 	1.8 	
50 	1.79571 	-0.00102854 	0 	1.8 	
50 	1.79607 	-0.000816185 	0 	1.8 	
50.0001 	1.79638 	-0.000637951 	0 	1.8 	
50.0001 	1.79673 	-0.000452512 	0 	1.8 	
50.0002 	1.79701 	-0.000330069 	0 	1.8 	
50.0003 	1.79719 	-0.000283194 	0 	1.8 	
50.0005 	1.79728 	-0.000273988 	0 	1.8 	
50.0008 	1.79733 	-0.000267364 	0 	1.8 	
50.0013 	1.79739 	-0.000258557 	0 	1.8 	
50.0022 	1.79751 	-0.000238165 	0 	1.8 	
50.0041 	1.79774 	-0.000201903 	0 	1.8 	
50.0078 	1.79819 	-0.000134297 	0 	1.8 	
50.0153 	1.79911 	-2.4045e-05 	0 	1.8 	
50.029 	1.80076 	0.000141507 	0 	1.8 	
50.0564 	1.80401 	0.000354402 	0 	1.8 	
50.092 	1.80799 	0.000543296 	0 	1.8 	
50.1512 	1.80673 	-0.000242663 	0 	1.8 	
50.2127 	1.79363 	-0.00362355 	0 	1.8 	
50.2755 	1.77493 	-0.00188955 	0 	1.8 	
50.3333 	1.75654 	0.0111494 	0 	1.8 	
50.3936 	1.73715 	0.0300264 	0 	1.8 	
50.4853 	1.7076 	0.0593751 	0 	1.8 	
50.587 	1.67483 	0.091917 	0 	1.8 	
50.7906 	1.60944 	0.15683 	0 	1.8 	
51.1978 	1.47928 	0.28595 	0 	1.8 	
51.6978 	1.32075 	0.44311 	0 	1.8 	
52.1978 	1.16389 	0.598552 	0 	1.8 	
52.6978 	1.00912 	0.751983 	0 	1.8 	
53.1978 	0.857195 	0.902948 	0 	1.8 	
53.6978 	0.709748 	1.05048 	0 	1.8 	
54.1978 	0.57067 	1.19201 	0 	1.8 	
54.6978 	0.445886 	1.32229 	0 	1.8 	
55.1978 	0.339848 	1.43575 	0 	1.8 	
55.6978 	0.25361 	1.52942 	0 	1.8 	
56.1978 	0.185966 	1.60336 	0 	1.8 	
56.6978 	0.134458 	1.65956 	0 	1.8 	
57.1978 	0.0961641 	1.70104 	0 	1.8 	
57.6978 	0.0682 	1.73097 	0 	1.8 	
58.1978 	0.0480739 	1.7522 	0 	1.8 	
58.6978 	0.0337405 	1.76706 	0 	1.8 	
59.1978 	0.0236069 	1.77739 	0 	1.8 	
59.6978 	0.0164807 	1.78451 	0 	1.8 	
60.1978 	0.0114892 	1.78941 	0 	1.8 	
60.6978 	0.00799894 	1.79276 	0 	1.8 	
61.1978 	0.0055663 	1.79506 	0 	1.8 	
61.6978 	0.00386976 	1.79663 	0 	1.8 	
62.1978 	0.0026909 	1.79771 	0 	1.8 	
62.6978 	0.00186906 	1.79843 	0 	1.8 	
63.1978 	0.00129959 	1.79894 	0 	1.8 	
63.6978 	0.00090191 	1.79927 	0 	1.8 	
64.1978 	0.000627468 	1.79951 	0 	1.8 	
64.6978 	0.000434907 	1.79966 	0 	1.8 	
65.1978 	0.000303026 	1.79977 	0 	1.8 	
65.6978 	0.000209531 	1.79984 	0 	1.8 	
66.1978 	0.000146473 	1.79989 	0 	1.8 	
66.6978 	0.000100793 	1.79993 	0 	1.8 	
67.1978 	7.09445e-05 	1.79995 	0 	1.8 	
67.6978 	4.83361e-05 	1.79996 	0 	1.8 	
68.1978 	3.45089e-05 	1.79998 	0 	1.8 	
68.6978 	2.30324e-05 	1.79998 	0 	1.8 	
69.1978 	1.69325e-05 	1.79999 	0 	1.8 	
69.6978 	1.08274e-05 	1.79999 	0 	1.8 	
70.1978 	8.45352e-06 	1.8 	0 	1.8 	
70.6978 	4.94073e-06 	1.8 	0 	1.8 	
71.1978 	4.36286e-06 	1.8 	0 	1.8 	
71.6978 	2.10193e-06 	1.8 	0 	1.8 	
72.1978 	2.38899e-06 	1.8 	0 	1.8 	
72.6978 	7.33159e-07 	1.8 	0 	1.8 	
73.1978 	1.43623e-06 	1.8 	0 	1.8 	
73.6978 	7.30794e-08 	1.8 	0 	1.8 	
74.1978 	9.76155e-07 	1.8 	0 	1.8 	
74.6978 	-2.44495e-07 	1.8 	0 	1.8 	
75 	7.85542e-07 	1.8 	1.19114e-09 	1.8 	
75 	0.000254113 	1.80008 	0.18 	1.8 	
75 	0.000898658 	1.80027 	0.54 	1.8 	
75 	0.0021361 	1.80057 	1.26 	1.8 	
75 	0.0027952 	1.80075 	1.8 	1.8 	
75 	0.00278927 	1.80074 	1.8 	1.72433 	
75 	0.00268229 	1.8007 	1.8 	1.57299 	
75 	0.00221191 	1.80057 	1.8 	1.27032 	
75 	0.00112475 	1.80027 	1.8 	0.664972 	
75 	-8.94181e-05 	1.79988 	1.8 	6.17352e-10 	
75 	-0.000167161 	1.79986 	1.8 	0 	
75 	-0.000263439 	1.79984 	1.8 	0 	
75 	-0.000292043 	1.79984 	1.8 	0 	
75 	-0.000271766 	1.79984 	1.8 	0 	
75 	-0.00025992 	1.79984 	1.8 	0 	
75 	-0.000230816 	1.79985 	1.8 	0 	
75.0001 	-0.000181303 	1.79988 	1.8 	0 	
75.0001 	-9.79662e-05 	1.79993 	1.8 	0 	
75.0001 	3.86687e-07 	1.79998 	1.8 	0 	
75.0002 	5.68838e-05 	1.8 	1.8 	0 	
75.0003 	6.79751e-05 	1.80001 	1.8 	0 	
75.0006 	5.50384e-05 	1.8 	1.8 	0 	
75.001 	2.1098e-05 	1.8 	1.8 	0 	
75.0017 	-1.0647e-05 	1.79999 	1.8 	0 	
75.0029 	-5.20565e-05 	1.79999 	1.8 	0 	
75.0053 	-9.87976e-05 	1.79999 	1.8 	0 	
75.0101 	-0.000131117 	1.79999 	1.8 	0 	
75.0191 	-0.000127489 	1.79999 	1.8 	0 	
75.037 	-9.60508e-05 	1.79999 	1.8 	0 	
75.0617 	-5.77772e-05 	1.8 	1.8 	0 	
75.1111 	-1.80133e-05 	1.8 	1.8 	0 	
75.2068 	4.0029e-06 	1.8 	1.8 	0 	
75.335 	4.13785e-06 	1.8 	1.8 	0 	
75.5913 	4.7586e-06 	1.8 	1.8 	0 	
76.0913 	2.88057e-06 	1.8 	1.8 	0 	
76.5913 	2.76098e-06 	1.8 	1.8 	0 	
77.0913 	1.24979e-06 	1.8 	1.8 	0 	
77.5913 	1.58835e-06 	1.8 	1.8 	0 	
78.0913 	4.41153e-07 	1.8 	1.8 	0 	
78.5913 	1.0101e-06 	1.8 	1.8 	0 	
79.0913 	-3.96281e-09 	1.8 	1.8 	0 	
79.5913 	7.23046e-07 	1.8 	1.8 	0 	
80.0913 	-2.06482e-07 	1.8 	1.8 	0 	
80.5913 	5.80692e-07 	1.8 	1.8 	0 	
81.0913 	-3.07655e-07 	1.8 	1.8 	0 	
81.5913 	5.09971e-07 	1.8 	1.8 	0 	
82.0913 	-3.58477e-07 	1.8 	1.8 	0 	
82.5913 	4.74651e-07 	1.8 	1.8 	0 	
83.0913 	-3.84269e-07 	1.8 	1.8 	0 	
83.5913 	4.56848e-07 	1.8 	1.8 	0 	
84.0913 	-3.9757e-07 	1.8 	1.8 	0 	
84.5913 	4.47744e-07 	1.8 	1.8 	0 	
85.0913 	-4.04593e-07 	1.8 	1.8 	0 	
85.5913 	4.4299e-07 	1.8 	1.8 	0 	
86.0913 	-4.08425e-07 	1.8 	1.8 	0 	
86.5913 	4.40431e-07 	1.8 	1.8 	0 	
87.0913 	-4.10607e-07 	1.8 	1.8 	0 	
87.5913 	4.38997e-07 	1.8 	1.8 	0 	
88.0913 	-4.11916e-07 	1.8 	1.8 	0 	
88.5913 	4.3815e-07 	1.8 	1.8 	0 	
89.0913 	-4.1275e-07 	1.8 	1.8 	0 	
89.5913 	4.37619e-07 	1.8 	1.8 	0 	
90.0913 	-4.13312e-07 	1.8 	1.8 	0 	
90.5913 	4.37264e-07 	1.8 	1.8 	0 	
91.0913 	-4.13713e-07 	1.8 	1.8 	0 	
91.5913 	4.3701e-07 	1.8 	1.8 	0 	
92.0913 	-4.14013e-07 	1.8 	1.8 	0 	
92.5913 	4.3682e-07 	1.8 	1.8 	0 	
93.0913 	-4.14244e-07 	1.8 	1.8 	0 	
93.5913 	4.36669e-07 	1.8 	1.8 	0 	
94.0913 	-4.14428e-07 	1.8 	1.8 	0 	
94.5913 	4.36546e-07 	1.8 	1.8 	0 	
95.0913 	-4.14576e-07 	1.8 	1.8 	0 	
95.5913 	4.36442e-07 	1.8 	1.8 	0 	
96.0913 	-4.14698e-07 	1.8 	1.8 	0 	
96.5913 	4.36353e-07 	1.8 	1.8 	0 	
97.0913 	-4.14798e-07 	1.8 	1.8 	0 	
97.5913 	4.36274e-07 	1.8 	1.8 	0 	
98.0913 	-4.14882e-07 	1.8 	1.8 	0 	
98.5913 	4.36204e-07 	1.8 	1.8 	0 	
99.0913 	-4.14951e-07 	1.8 	1.8 	0 	
99.5913 	4.3614e-07 	1.8 	1.8 	0 	
100 	-4.18067e-07 	1.8 	1.8 	0 	
