0 	0 	0 	0 	0 	
1e-07 	1.7574e-07 	0 	0.018 	0 	
2e-07 	4.45107e-07 	0 	0.036 	0 	
4e-07 	1.1465e-06 	0 	0.072 	0 	
8e-07 	3.36705e-06 	0 	0.144 	0 	
1.6e-06 	9.96394e-06 	0 	0.288 	0 	
3.2e-06 	2.64126e-05 	0 	0.576 	0 	
6.10175e-06 	5.67387e-05 	0 	1.09832 	0 	
6.57938e-06 	6.15468e-05 	0 	1.18429 	0 	
7.53465e-06 	7.1206e-05 	0 	1.35624 	0 	
9.44518e-06 	9.08716e-05 	0 	1.70013 	0 	
9.51453e-06 	9.16686e-05 	0 	1.71262 	0 	
9.65323e-06 	9.32001e-05 	0 	1.73758 	0 	
9.93065e-06 	9.57923e-05 	0 	1.78752 	0 	
1e-05 	9.63375e-05 	0 	1.8 	0 	
1.00555e-05 	9.66889e-05 	0 	1.8 	0 	
1.01664e-05 	9.72726e-05 	0 	1.8 	0 	
1.03884e-05 	9.78328e-05 	0 	1.8 	0 	
1.08322e-05 	9.75295e-05 	0 	1.8 	0 	
1.172e-05 	9.49334e-05 	0 	1.8 	0 	
1.34954e-05 	8.93264e-05 	0 	1.8 	0 	
1.70463e-05 	8.09719e-05 	0 	1.8 	0 	
2.22395e-05 	7.20392e-05 	0 	1.8 	0 	
3.2626e-05 	6.16194e-05 	0 	1.8 	0 	
5.3399e-05 	5.62185e-05 	0 	1.8 	0 	
9.49449e-05 	6.79252e-05 	0 	1.8 	0 	
0.000178037 	0.000113428 	0 	1.8 	0 	
0.00028286 	0.000176388 	0 	1.8 	0 	
0.000475555 	0.000291013 	0 	1.8 	0 	
0.000754012 	0.000457007 	0 	1.8 	0 	
0.00131093 	0.000788683 	0 	1.8 	0 	
0.00207319 	0.00124255 	0 	1.8 	0 	
0.00359771 	0.0021501 	0 	1.8 	0 	
0.00664675 	0.00396455 	0 	1.8 	0 	
0.0127448 	0.00759128 	0 	1.8 	0 	
0.024941 	0.0148371 	0 	1.8 	0 	
0.0493333 	0.0292995 	0 	1.8 	0 	
0.0933124 	0.0552862 	0 	1.8 	0 	
0.158606 	0.0936857 	0 	1.8 	0 	
0.262246 	0.154215 	0 	1.8 	0 	
0.436008 	0.25452 	0 	1.8 	0 	
0.783531 	0.450529 	0 	1.8 	0 	
1.47858 	0.822379 	0 	1.8 	0 	
2.47858 	1.28099 	0 	1.8 	0 	
3.47858 	1.58298 	0 	1.8 	0 	
4.47858 	1.72435 	0 	1.8 	0 	
5.47858 	1.77596 	0 	1.8 	0 	
6.47858 	1.79262 	0 	1.8 	0 	
7.47858 	1.79776 	0 	1.8 	0 	
8 	1.79873 	0 	1.8 	0 	
8 	1.79873 	0 	1.8 	0 	
8 	1.79873 	0 	1.8 	0 	
8.00001 	1.79873 	0 	1.8 	0 	
8.00001 	1.79873 	0 	1.8 	0 	
8.00001 	1.79873 	0 	1.8 	0 	
8.00001 	1.79873 	0 	1.8 	0 	
8.00002 	1.79873 	0 	1.8 	0 	
8.00002 	1.79873 	0 	1.8 	0 	
8.00003 	1.79873 	0 	1.8 	0 	
8.00006 	1.79873 	0 	1.8 	0 	
8.00011 	1.79873 	0 	1.8 	0 	
8.00021 	1.79873 	0 	1.8 	0 	
8.00042 	1.79874 	0 	1.8 	0 	
8.00083 	1.79874 	0 	1.8 	0 	
8.00165 	1.79874 	0 	1.8 	0 	
8.00329 	1.79874 	0 	1.8 	0 	
8.00656 	1.79874 	0 	1.8 	0 	
8.01312 	1.79875 	0 	1.8 	0 	
8.02622 	1.79877 	0 	1.8 	0 	
8.05244 	1.7988 	0 	1.8 	0 	
8.10487 	1.79887 	0 	1.8 	0 	
8.20972 	1.79899 	0 	1.8 	0 	
8.41944 	1.79919 	0 	1.8 	0 	
8.83887 	1.79949 	0 	1.8 	0 	
9.67773 	1.79981 	0 	1.8 	0 	
10.6777 	1.79994 	0 	1.8 	0 	
11.6777 	1.79998 	0 	1.8 	0 	
12.6777 	1.79999 	0 	1.8 	0 	
13.6777 	1.8 	0 	1.8 	0 	
14.6777 	1.8 	0 	1.8 	0 	
15 	1.8 	0 	1.8 	0 	
15 	1.8 	0.18 	1.8 	0 	
15 	1.8 	0.54 	1.8 	0 	
15 	1.8 	0.999417 	1.8 	0 	
15 	1.8 	1.41214 	1.8 	0 	
15 	1.8 	1.8 	1.8 	0 	
15 	1.8 	1.8 	1.8 	0 	
15 	1.8 	1.8 	1.8 	0 	
15 	1.8 	1.8 	1.8 	0 	
15 	1.8 	1.8 	1.8 	0 	
15 	1.8 	1.8 	1.8 	0 	
15 	1.8 	1.8 	1.8 	0 	
15 	1.8 	1.8 	1.8 	0 	
15.0001 	1.8 	1.8 	1.8 	0 	
15.0001 	1.8 	1.8 	1.8 	0 	
15.0002 	1.8 	1.8 	1.8 	0 	
15.0003 	1.8 	1.8 	1.8 	0 	
15.0004 	1.8 	1.8 	1.8 	0 	
15.0007 	1.8 	1.8 	1.8 	0 	
15.0011 	1.8 	1.8 	1.8 	0 	
15.0018 	1.8 	1.8 	1.8 	0 	
15.0031 	1.8 	1.8 	1.8 	0 	
15.0058 	1.8 	1.8 	1.8 	0 	
15.0111 	1.8 	1.8 	1.8 	0 	
15.0217 	1.8 	1.8 	1.8 	0 	
15.0429 	1.8 	1.8 	1.8 	0 	
15.0853 	1.8 	1.8 	1.8 	0 	
15.1495 	1.8 	1.8 	1.8 	0 	
15.2192 	1.8 	1.8 	1.8 	0 	
15.307 	1.8 	1.8 	1.8 	0 	
15.4248 	1.8 	1.8 	1.8 	0 	
15.5328 	1.8 	1.8 	1.8 	0 	
15.6471 	1.80001 	1.8 	1.8 	0 	
15.7517 	1.80002 	1.8 	1.8 	0 	
15.8505 	1.79997 	1.8 	1.8 	0 	
15.9447 	1.79971 	1.8 	1.8 	0 	
16 	1.79961 	1.8 	1.8 	0 	
16 	1.79961 	1.8 	1.8 	0 	
16 	1.79961 	1.8 	1.8 	0 	
16 	1.79961 	1.8 	1.8 	0 	
16 	1.79961 	1.8 	1.8 	0 	
16 	1.79961 	1.8 	1.8 	0 	
16 	1.79961 	1.8 	1.8 	0 	
16 	1.79961 	1.8 	1.8 	0 	
16 	1.79961 	1.8 	1.8 	0 	
16 	1.79961 	1.8 	1.8 	0 	
16.0001 	1.79961 	1.8 	1.8 	0 	
16.0001 	1.79961 	1.8 	1.8 	0 	
16.0002 	1.79961 	1.8 	1.8 	0 	
16.0004 	1.79961 	1.8 	1.8 	0 	
16.0008 	1.79961 	1.8 	1.8 	0 	
16.0017 	1.79961 	1.8 	1.8 	0 	
16.0033 	1.79961 	1.8 	1.8 	0 	
16.0066 	1.79961 	1.8 	1.8 	0 	
16.0131 	1.79961 	1.8 	1.8 	0 	
16.0262 	1.79961 	1.8 	1.8 	0 	
16.0524 	1.79962 	1.8 	1.8 	0 	
16.1049 	1.79963 	1.8 	1.8 	0 	
16.2097 	1.79966 	1.8 	1.8 	0 	
16.4194 	1.79972 	1.8 	1.8 	0 	
16.8389 	1.79981 	1.8 	1.8 	0 	
17.6777 	1.79991 	1.8 	1.8 	0 	
18.6777 	1.79997 	1.8 	1.8 	0 	
19.6777 	1.79998 	1.8 	1.8 	0 	
20.6777 	1.79999 	1.8 	1.8 	0 	
21.6777 	1.79999 	1.8 	1.8 	0 	
22.6777 	1.8 	1.8 	1.8 	0 	
23.6777 	1.80005 	1.8 	1.8 	0 	
24 	1.80003 	1.8 	1.8 	0 	
24 	1.80003 	1.8 	1.8 	0 	
24 	1.80003 	1.8 	1.8 	0 	
24 	1.80003 	1.8 	1.8 	0 	
24 	1.80003 	1.8 	1.8 	0 	
24 	1.80003 	1.8 	1.8 	0 	
24 	1.80003 	1.8 	1.8 	0 	
24 	1.80003 	1.8 	1.8 	0 	
24 	1.80003 	1.8 	1.8 	0 	
24 	1.80003 	1.8 	1.8 	0 	
24.0001 	1.80003 	1.8 	1.8 	0 	
24.0001 	1.80003 	1.8 	1.8 	0 	
24.0002 	1.80003 	1.8 	1.8 	0 	
24.0004 	1.80003 	1.8 	1.8 	0 	
24.0008 	1.80003 	1.8 	1.8 	0 	
24.0016 	1.80003 	1.8 	1.8 	0 	
24.0033 	1.80003 	1.8 	1.8 	0 	
24.0066 	1.80003 	1.8 	1.8 	0 	
24.0131 	1.80003 	1.8 	1.8 	0 	
24.0262 	1.80004 	1.8 	1.8 	0 	
24.0524 	1.80003 	1.8 	1.8 	0 	
24.1049 	1.80003 	1.8 	1.8 	0 	
24.2097 	1.80002 	1.8 	1.8 	0 	
24.4194 	1.80002 	1.8 	1.8 	0 	
24.7694 	1.80001 	1.8 	1.8 	0 	
25.4694 	1.8 	1.8 	1.8 	0 	
26.4694 	1.8 	1.8 	1.8 	0 	
27.4694 	1.8 	1.8 	1.8 	0 	
28.4694 	1.8 	1.8 	1.8 	0 	
29.4694 	1.8 	1.8 	1.8 	0 	
30 	1.8 	1.8 	1.8 	0 	
30 	1.80011 	1.8 	1.8 	0.18 	
30 	1.80043 	1.8 	1.8 	0.54 	
30 	1.80266 	1.8 	1.8 	1.26 	
30 	1.80301 	1.8 	1.8 	1.3275 	
30 	1.80374 	1.8 	1.8 	1.4625 	
30 	1.80525 	1.8 	1.8 	1.7325 	
30 	1.80562 	1.8 	1.8 	1.8 	
30 	1.80576 	1.746 	1.746 	1.8 	
30 	1.80588 	1.638 	1.638 	1.8 	
30 	1.80573 	1.422 	1.422 	1.8 	
30 	1.80543 	0.99 	0.99 	1.8 	
30 	1.80508 	0.478549 	0.478549 	1.8 	
30 	1.80478 	0 	6.17352e-10 	1.8 	
30 	1.80473 	0 	0 	1.8 	
30 	1.80462 	0 	0 	1.8 	
30 	1.80443 	0 	0 	1.8 	
30 	1.80413 	0 	0 	1.8 	
30 	1.80384 	0 	0 	1.8 	
30 	1.80335 	0 	0 	1.8 	
30.0001 	1.80261 	0 	0 	1.8 	
30.0001 	1.80174 	0 	0 	1.8 	
30.0001 	1.80115 	0 	0 	1.8 	
30.0002 	1.80075 	0 	0 	1.8 	
30.0004 	1.80058 	0 	0 	1.8 	
30.0006 	1.80049 	0 	0 	1.8 	
30.0009 	1.80051 	0 	0 	1.8 	
30.0016 	1.80051 	0 	0 	1.8 	
30.0026 	1.80049 	0 	0 	1.8 	
30.0046 	1.80046 	0 	0 	1.8 	
30.0085 	1.80041 	0 	0 	1.8 	
30.0163 	1.80033 	0 	0 	1.8 	
30.032 	1.80019 	0 	0 	1.8 	
30.0575 	1.79994 	0 	0 	1.8 	
30.1085 	1.79959 	0 	0 	1.8 	
30.1581 	1.79935 	0 	0 	1.8 	
30.2228 	1.79931 	0 	0 	1.8 	
30.2627 	1.79935 	0 	0 	1.8 	
30.3178 	1.79942 	0 	0 	1.8 	
30.3806 	1.79943 	0 	0 	1.8 	
30.4372 	1.79945 	0 	0 	1.8 	
30.5436 	1.79951 	0 	0 	1.8 	
30.7024 	1.79958 	0 	0 	1.8 	
31.0025 	1.7997 	0 	0 	1.8 	
31.5237 	1.79983 	0 	0 	1.8 	
32 	1.7999 	0 	0 	1.8 	
32 	1.7999 	0 	0 	1.8 	
32 	1.7999 	0 	0 	1.8 	
32 	1.7999 	0 	0 	1.8 	
32 	1.7999 	0 	0 	1.8 	
32 	1.7999 	0 	0 	1.8 	
32 	1.7999 	0 	0 	1.8 	
32 	1.7999 	0 	0 	1.8 	
32 	1.7999 	0 	0 	1.8 	
32 	1.7999 	0 	0 	1.8 	
32.0001 	1.7999 	0 	0 	1.8 	
32.0001 	1.7999 	0 	0 	1.8 	
32.0002 	1.7999 	0 	0 	1.8 	
32.0004 	1.7999 	0 	0 	1.8 	
32.0008 	1.7999 	0 	0 	1.8 	
32.0017 	1.7999 	0 	0 	1.8 	
32.0033 	1.7999 	0 	0 	1.8 	
32.0066 	1.7999 	0 	0 	1.8 	
32.0131 	1.7999 	0 	0 	1.8 	
32.0262 	1.7999 	0 	0 	1.8 	
32.0524 	1.7999 	0 	0 	1.8 	
32.1049 	1.79991 	0 	0 	1.8 	
32.2097 	1.79992 	0 	0 	1.8 	
32.4194 	1.79994 	0 	0 	1.8 	
32.8389 	1.79996 	0 	0 	1.8 	
33.6777 	1.79998 	0 	0 	1.8 	
34.6777 	1.8 	0 	0 	1.8 	
35.6777 	1.8 	0 	0 	1.8 	
36.6777 	1.8 	0 	0 	1.8 	
37.6777 	1.8 	0 	0 	1.8 	
38.6777 	1.8 	0 	0 	1.8 	
39.6777 	1.8 	0 	0 	1.8 	
40 	1.8 	0 	0 	1.8 	
40 	1.8 	0 	0 	1.8 	
40 	1.8 	0 	0 	1.8 	
40 	1.8 	0 	0 	1.8 	
40 	1.8 	0 	0 	1.8 	
40 	1.8 	0 	0 	1.8 	
40 	1.8 	0 	0 	1.8 	
40 	1.8 	0 	0 	1.8 	
40 	1.8 	0 	0 	1.8 	
40 	1.8 	0 	0 	1.8 	
40.0001 	1.8 	0 	0 	1.8 	
40.0001 	1.8 	0 	0 	1.8 	
40.0002 	1.8 	0 	0 	1.8 	
40.0004 	1.8 	0 	0 	1.8 	
40.0008 	1.8 	0 	0 	1.8 	
40.0016 	1.8 	0 	0 	1.8 	
40.0033 	1.8 	0 	0 	1.8 	
40.0066 	1.8 	0 	0 	1.8 	
40.0131 	1.8 	0 	0 	1.8 	
40.0262 	1.8 	0 	0 	1.8 	
40.0524 	1.8 	0 	0 	1.8 	
40.1049 	1.8 	0 	0 	1.8 	
40.2097 	1.8 	0 	0 	1.8 	
40.4194 	1.8 	0 	0 	1.8 	
40.8389 	1.8 	0 	0 	1.8 	
41.6777 	1.8 	0 	0 	1.8 	
42.6777 	1.8 	0 	0 	1.8 	
43.6777 	1.8 	0 	0 	1.8 	
44.6777 	1.8 	0 	0 	1.8 	
45 	1.8 	0 	0 	1.8 	
45 	1.8 	0.18 	0 	1.8 	
45 	1.8 	0.54 	0 	1.8 	
45 	1.8 	0.976823 	0 	1.8 	
45 	1.8 	1.39134 	0 	1.8 	
45 	1.8 	1.8 	0 	1.8 	
45 	1.8 	1.8 	0 	1.8 	
45 	1.8 	1.8 	0 	1.8 	
45 	1.8 	1.8 	0 	1.8 	
45 	1.8 	1.8 	0 	1.8 	
45 	1.8 	1.8 	0 	1.8 	
45 	1.8 	1.8 	0 	1.8 	
45 	1.8 	1.8 	0 	1.8 	
45 	1.8 	1.8 	0 	1.8 	
45.0001 	1.8 	1.8 	0 	1.8 	
45.0002 	1.8 	1.8 	0 	1.8 	
45.0003 	1.8 	1.8 	0 	1.8 	
45.0004 	1.8 	1.8 	0 	1.8 	
45.0007 	1.8 	1.8 	0 	1.8 	
45.0011 	1.8 	1.8 	0 	1.8 	
45.0018 	1.8 	1.8 	0 	1.8 	
45.0031 	1.8 	1.8 	0 	1.8 	
45.0057 	1.8 	1.8 	0 	1.8 	
45.0109 	1.8 	1.8 	0 	1.8 	
45.0214 	1.8 	1.8 	0 	1.8 	
45.0422 	1.8 	1.8 	0 	1.8 	
45.084 	1.8 	1.8 	0 	1.8 	
45.1527 	1.8 	1.8 	0 	1.8 	
45.2254 	1.8 	1.8 	0 	1.8 	
45.3114 	1.8 	1.8 	0 	1.8 	
45.4096 	1.8 	1.8 	0 	1.8 	
45.4908 	1.8 	1.8 	0 	1.8 	
45.577 	1.8 	1.8 	0 	1.8 	
45.6536 	1.8 	1.8 	0 	1.8 	
45.7146 	1.80001 	1.8 	0 	1.8 	
45.7798 	1.80001 	1.8 	0 	1.8 	
45.8546 	1.8 	1.8 	0 	1.8 	
45.9139 	1.79993 	1.8 	0 	1.8 	
45.9716 	1.79989 	1.8 	0 	1.8 	
46.0305 	1.79992 	1.8 	0 	1.8 	
46.1048 	1.79992 	1.8 	0 	1.8 	
46.199 	1.79993 	1.8 	0 	1.8 	
46.3853 	1.79995 	1.8 	0 	1.8 	
46.7351 	1.79997 	1.8 	0 	1.8 	
47.4166 	1.79999 	1.8 	0 	1.8 	
48 	1.8 	1.8 	0 	1.8 	
48 	1.8 	1.8 	0 	1.8 	
48 	1.8 	1.8 	0 	1.8 	
48 	1.8 	1.8 	0 	1.8 	
48 	1.8 	1.8 	0 	1.8 	
48 	1.8 	1.8 	0 	1.8 	
48 	1.8 	1.8 	0 	1.8 	
48 	1.8 	1.8 	0 	1.8 	
48 	1.8 	1.8 	0 	1.8 	
48 	1.8 	1.8 	0 	1.8 	
48.0001 	1.8 	1.8 	0 	1.8 	
48.0001 	1.8 	1.8 	0 	1.8 	
48.0002 	1.8 	1.8 	0 	1.8 	
48.0004 	1.8 	1.8 	0 	1.8 	
48.0008 	1.8 	1.8 	0 	1.8 	
48.0017 	1.8 	1.8 	0 	1.8 	
48.0033 	1.8 	1.8 	0 	1.8 	
48.0066 	1.8 	1.8 	0 	1.8 	
48.0131 	1.8 	1.8 	0 	1.8 	
48.0262 	1.8 	1.8 	0 	1.8 	
48.0524 	1.8 	1.8 	0 	1.8 	
48.1049 	1.8 	1.8 	0 	1.8 	
48.2097 	1.8 	1.8 	0 	1.8 	
48.4194 	1.8 	1.8 	0 	1.8 	
48.7264 	1.8 	1.8 	0 	1.8 	
49.1578 	1.8 	1.8 	0 	1.8 	
49.8073 	1.8 	1.8 	0 	1.8 	
50.4798 	1.8 	1.8 	0 	1.8 	
50.9536 	1.8 	1.8 	0 	1.8 	
51.4156 	1.8 	1.8 	0 	1.8 	
51.9128 	1.8 	1.8 	0 	1.8 	
52.45 	1.8 	1.8 	0 	1.8 	
53.0739 	1.8 	1.8 	0 	1.8 	
53.5144 	1.79999 	1.8 	0 	1.8 	
53.853 	1.78005 	1.8 	0 	1.8 	
54.0963 	1.72191 	1.8 	0 	1.8 	
54.2819 	1.66253 	1.8 	0 	1.8 	
54.4343 	1.61624 	1.8 	0 	1.8 	
54.5957 	1.56598 	1.8 	0 	1.8 	
54.8121 	1.49945 	1.8 	0 	1.8 	
55.0934 	1.41279 	1.8 	0 	1.8 	
55.5401 	1.27663 	1.8 	0 	1.8 	
56 	1.13738 	1.8 	0 	1.8 	
56 	1.13738 	1.8 	0 	1.8 	
56 	1.13738 	1.8 	0 	1.8 	
56 	1.13737 	1.8 	0 	1.8 	
56 	1.13737 	1.8 	0 	1.8 	
56 	1.13737 	1.8 	0 	1.8 	
56 	1.13737 	1.8 	0 	1.8 	
56 	1.13737 	1.8 	0 	1.8 	
56 	1.13737 	1.8 	0 	1.8 	
56 	1.13737 	1.8 	0 	1.8 	
56.0001 	1.13736 	1.8 	0 	1.8 	
56.0001 	1.13734 	1.8 	0 	1.8 	
56.0002 	1.13731 	1.8 	0 	1.8 	
56.0004 	1.13725 	1.8 	0 	1.8 	
56.0008 	1.13714 	1.8 	0 	1.8 	
56.0016 	1.1369 	1.8 	0 	1.8 	
56.0033 	1.13642 	1.8 	0 	1.8 	
56.0066 	1.13545 	1.8 	0 	1.8 	
56.0131 	1.13352 	1.8 	0 	1.8 	
56.0262 	1.12961 	1.8 	0 	1.8 	
56.0524 	1.12177 	1.8 	0 	1.8 	
56.1049 	1.10605 	1.8 	0 	1.8 	
56.2097 	1.0747 	1.8 	0 	1.8 	
56.4194 	1.01231 	1.8 	0 	1.8 	
56.7926 	0.902524 	1.8 	0 	1.8 	
57.2684 	0.765346 	1.8 	0 	1.8 	
57.9441 	0.581181 	1.8 	0 	1.8 	
58.6304 	0.418615 	1.8 	0 	1.8 	
59.0589 	0.335553 	1.8 	0 	1.8 	
59.4825 	0.263361 	1.8 	0 	1.8 	
59.8669 	0.206483 	1.8 	0 	1.8 	
60 	0.187755 	1.8 	0 	1.8 	
60 	0.187623 	1.62 	0 	1.62 	
60 	0.187227 	1.26 	0 	1.26 	
60 	0.185448 	0.698861 	0 	0.698861 	
60 	0.184086 	0.158814 	0 	0.158814 	
60 	0.18404 	0 	0 	0 	
60 	0.184042 	0 	0 	0 	
60 	0.184054 	0 	0 	0 	
60 	0.184085 	0 	0 	0 	
60 	0.184137 	0 	0 	0 	
60 	0.184181 	0 	0 	0 	
60 	0.184253 	0 	0 	0 	
60 	0.184374 	0 	0 	0 	
60.0001 	0.184587 	0 	0 	0 	
60.0001 	0.184867 	0 	0 	0 	
60.0002 	0.185069 	0 	0 	0 	
60.0003 	0.185214 	0 	0 	0 	
60.0005 	0.185242 	0 	0 	0 	
60.0009 	0.185218 	0 	0 	0 	
60.0014 	0.185169 	0 	0 	0 	
60.0025 	0.185079 	0 	0 	0 	
60.0046 	0.18489 	0 	0 	0 	
60.0089 	0.18451 	0 	0 	0 	
60.0175 	0.183707 	0 	0 	0 	
60.0347 	0.181937 	0 	0 	0 	
60.069 	0.17788 	0 	0 	0 	
60.1377 	0.168953 	0 	0 	0 	
60.2133 	0.158984 	0 	0 	0 	
60.3411 	0.142747 	0 	0 	0 	
60.5721 	0.115744 	0 	0 	0 	
61.0341 	0.0722316 	0 	0 	0 	
61.9582 	0.0228465 	0 	0 	0 	
62.9582 	0.00524014 	0 	0 	0 	
63.9582 	0.0011238 	0 	0 	0 	
64 	0.0010678 	0 	0 	0 	
64 	0.00106709 	0 	0 	0 	
64 	0.00106673 	0 	0 	0 	
64 	0.00106686 	0 	0 	0 	
64 	0.00106675 	0 	0 	0 	
64 	0.00106677 	0 	0 	0 	
64 	0.00106677 	0 	0 	0 	
64 	0.00106674 	0 	0 	0 	
64 	0.00106669 	0 	0 	0 	
64 	0.00106659 	0 	0 	0 	
64.0001 	0.00106645 	0 	0 	0 	
64.0001 	0.00106625 	0 	0 	0 	
64.0002 	0.00106602 	0 	0 	0 	
64.0004 	0.00106572 	0 	0 	0 	
64.0008 	0.00106516 	0 	0 	0 	
64.0017 	0.00106403 	0 	0 	0 	
64.0033 	0.00106178 	0 	0 	0 	
64.0066 	0.00105731 	0 	0 	0 	
64.0131 	0.00104845 	0 	0 	0 	
64.0262 	0.00103096 	0 	0 	0 	
64.0525 	0.000996834 	0 	0 	0 	
64.1049 	0.000931929 	0 	0 	0 	
64.2097 	0.000814485 	0 	0 	0 	
64.4195 	0.000621665 	0 	0 	0 	
64.8389 	0.000359295 	0 	0 	0 	
65 	0.000292662 	0 	0 	0 	
65 	0.000292662 	0 	0 	0 	
65 	0.000292662 	0 	0 	0 	
65 	0.00029266 	0 	0 	0 	
65 	0.000292659 	0 	0 	0 	
65 	0.000292659 	0 	0 	0 	
65 	0.000292658 	0 	0 	0 	
65 	0.000292657 	0 	0 	0 	
65 	0.000292655 	0 	0 	0 	
65 	0.00029265 	0 	0 	0 	
65.0001 	0.00029264 	0 	0 	0 	
65.0001 	0.000292622 	0 	0 	0 	
65.0002 	0.000292584 	0 	0 	0 	
65.0004 	0.000292508 	0 	0 	0 	
65.0008 	0.000292356 	0 	0 	0 	
65.0017 	0.000292053 	0 	0 	0 	
65.0033 	0.000291447 	0 	0 	0 	
65.0066 	0.00029024 	0 	0 	0 	
65.0131 	0.000287841 	0 	0 	0 	
65.0262 	0.000283103 	0 	0 	0 	
65.0524 	0.000273861 	0 	0 	0 	
65.1049 	0.00025628 	0 	0 	0 	
65.2097 	0.000224436 	0 	0 	0 	
65.4194 	0.000172043 	0 	0 	0 	
65.8389 	0.000100407 	0 	0 	0 	
66.6777 	3.17802e-05 	0 	0 	0 	
67.6777 	7.91408e-06 	0 	0 	0 	
68.6777 	2.05102e-06 	0 	0 	0 	
69.6777 	5.57813e-07 	0 	0 	0 	
70.6777 	1.57803e-07 	0 	0 	0 	
71.6777 	4.62899e-08 	0 	0 	0 	
72 	3.29286e-08 	0 	0 	0 	
72 	3.29259e-08 	0 	0 	0 	
72 	3.29252e-08 	0 	0 	0 	
72 	3.29255e-08 	0 	0 	0 	
72 	3.2925e-08 	0 	0 	0 	
72 	3.29251e-08 	0 	0 	0 	
72 	3.29251e-08 	0 	0 	0 	
72 	3.29249e-08 	0 	0 	0 	
72 	3.29246e-08 	0 	0 	0 	
72 	3.2924e-08 	0 	0 	0 	
72.0001 	3.29229e-08 	0 	0 	0 	
72.0001 	3.29204e-08 	0 	0 	0 	
72.0002 	3.29153e-08 	0 	0 	0 	
72.0004 	3.29053e-08 	0 	0 	0 	
72.0008 	3.28856e-08 	0 	0 	0 	
72.0016 	3.2848e-08 	0 	0 	0 	
72.0033 	3.27786e-08 	0 	0 	0 	
72.0066 	3.26527e-08 	0 	0 	0 	
72.0131 	3.24216e-08 	0 	0 	0 	
72.0262 	3.19775e-08 	0 	0 	0 	
72.0524 	3.11095e-08 	0 	0 	0 	
72.1049 	2.94478e-08 	0 	0 	0 	
72.2097 	2.64004e-08 	0 	0 	0 	
72.4194 	2.12616e-08 	0 	0 	0 	
72.8389 	1.39002e-08 	0 	0 	0 	
73.6777 	6.21276e-09 	0 	0 	0 	
74.6777 	3.10173e-09 	0 	0 	0 	
75 	2.7366e-09 	0 	0 	0 	
75 	2.73023e-06 	0.18 	0 	0 	
75 	9.89878e-06 	0.54 	0 	0 	
75 	1.87522e-05 	0.976421 	0 	0 	
75 	2.45194e-05 	1.39127 	0 	0 	
75 	2.86581e-05 	1.8 	0 	0 	
75 	2.88141e-05 	1.8 	0 	0 	
75 	2.88967e-05 	1.8 	0 	0 	
75 	2.83384e-05 	1.8 	0 	0 	
75 	2.6622e-05 	1.8 	0 	0 	
75 	2.45728e-05 	1.8 	0 	0 	
75 	2.12908e-05 	1.8 	0 	0 	
75 	1.65645e-05 	1.8 	0 	0 	
75.0001 	1.07074e-05 	1.8 	0 	0 	
75.0001 	4.67869e-06 	1.8 	0 	0 	
75.0002 	1.45609e-06 	1.8 	0 	0 	
75.0003 	1.82046e-06 	1.8 	0 	0 	
75.0004 	1.89685e-06 	1.8 	0 	0 	
75.0007 	1.91023e-06 	1.8 	0 	0 	
75.0011 	1.8481e-06 	1.8 	0 	0 	
75.0018 	1.61882e-06 	1.8 	0 	0 	
75.0031 	1.2595e-06 	1.8 	0 	0 	
75.0057 	6.12303e-07 	1.8 	0 	0 	
75.011 	-1.89201e-07 	1.8 	0 	0 	
75.0214 	-7.11779e-07 	1.8 	0 	0 	
75.0423 	-5.79637e-07 	1.8 	0 	0 	
75.0841 	-9.31003e-08 	1.8 	0 	0 	
75.1528 	1.71813e-06 	1.8 	0 	0 	
75.2256 	7.25603e-07 	1.8 	0 	0 	
75.3117 	-1.44424e-06 	1.8 	0 	0 	
75.4527 	-1.56525e-06 	1.8 	0 	0 	
75.5712 	-1.29201e-05 	1.8 	0 	0 	
75.6957 	0.00016884 	1.8 	0 	0 	
75.8373 	-0.000559769 	1.8 	0 	0 	
75.9148 	-0.00266352 	1.8 	0 	0 	
76.006 	-0.00297133 	1.8 	0 	0 	
76.0953 	-0.00278442 	1.8 	0 	0 	
76.205 	-0.00258254 	1.8 	0 	0 	
76.3042 	-0.00240841 	1.8 	0 	0 	
76.5026 	-0.00209784 	1.8 	0 	0 	
76.8338 	-0.0016629 	1.8 	0 	0 	
77.3524 	-0.00115442 	1.8 	0 	0 	
78.3524 	-0.000556995 	1.8 	0 	0 	
79.3524 	-0.000269245 	1.8 	0 	0 	
80 	-0.000169302 	1.8 	0 	0 	
80 	-0.000169299 	1.8 	0 	0 	
80 	-0.000169302 	1.8 	0 	0 	
80 	-0.000169316 	1.8 	0 	0 	
80 	-0.000169323 	1.8 	0 	0 	
80 	-0.000169325 	1.8 	0 	0 	
80 	-0.000169329 	1.8 	0 	0 	
80 	-0.000169336 	1.8 	0 	0 	
80 	-0.000169348 	1.8 	0 	0 	
80 	-0.000169367 	1.8 	0 	0 	
80.0001 	-0.000169396 	1.8 	0 	0 	
80.0001 	-0.000169438 	1.8 	0 	0 	
80.0002 	-0.000169485 	1.8 	0 	0 	
80.0004 	-0.0001695 	1.8 	0 	0 	
80.0008 	-0.000169452 	1.8 	0 	0 	
80.0017 	-0.00016934 	1.8 	0 	0 	
80.0033 	-0.00016913 	1.8 	0 	0 	
80.0066 	-0.000168727 	1.8 	0 	0 	
80.0131 	-0.000167964 	1.8 	0 	0 	
80.0262 	-0.00016646 	1.8 	0 	0 	
80.0524 	-0.000163463 	1.8 	0 	0 	
80.1049 	-0.000157582 	1.8 	0 	0 	
80.2097 	-0.000146418 	1.8 	0 	0 	
80.4194 	-0.000126371 	1.8 	0 	0 	
80.8389 	-9.39466e-05 	1.8 	0 	0 	
81.6777 	-5.10947e-05 	1.8 	0 	0 	
82.6777 	-2.42842e-05 	1.8 	0 	0 	
83.6777 	0.0021147 	1.8 	0 	0 	
84.3788 	0.0016041 	1.8 	0 	0 	
84.8679 	0.000753764 	1.8 	0 	0 	
85.2564 	0.000656008 	1.8 	0 	0 	
85.6457 	0.00038595 	1.8 	0 	0 	
86.0352 	0.000323685 	1.8 	0 	0 	
86.4795 	0.000214425 	1.8 	0 	0 	
87.0446 	0.000164936 	1.8 	0 	0 	
87.8308 	0.000109832 	1.8 	0 	0 	
88 	0.000103761 	1.8 	0 	0 	
88 	0.000103759 	1.8 	0 	0 	
88 	0.000103756 	1.8 	0 	0 	
88 	0.000103751 	1.8 	0 	0 	
88 	0.000103747 	1.8 	0 	0 	
88 	0.000103746 	1.8 	0 	0 	
88 	0.000103745 	1.8 	0 	0 	
88 	0.000103742 	1.8 	0 	0 	
88 	0.000103737 	1.8 	0 	0 	
88 	0.000103731 	1.8 	0 	0 	
88.0001 	0.000103724 	1.8 	0 	0 	
88.0001 	0.000103723 	1.8 	0 	0 	
88.0002 	0.000103737 	1.8 	0 	0 	
88.0004 	0.000103782 	1.8 	0 	0 	
88.0008 	0.000103881 	1.8 	0 	0 	
88.0016 	0.000104065 	1.8 	0 	0 	
88.0033 	0.000104372 	1.8 	0 	0 	
88.0066 	0.000104834 	1.8 	0 	0 	
88.0131 	0.00010536 	1.8 	0 	0 	
88.0262 	0.000105704 	1.8 	0 	0 	
88.0524 	0.000105069 	1.8 	0 	0 	
88.1049 	0.000102758 	1.8 	0 	0 	
88.2097 	9.90765e-05 	1.8 	0 	0 	
88.4194 	9.30427e-05 	1.8 	0 	0 	
88.8389 	8.29154e-05 	1.8 	0 	0 	
89.6777 	6.83067e-05 	1.8 	0 	0 	
90 	6.41273e-05 	1.8 	0 	0 	
90 	0.000735157 	1.8 	0.18 	0.18 	
90 	0.00259239 	1.8 	0.54 	0.54 	
90 	0.00639711 	1.8 	1.17662 	1.17662 	
90 	0.00681951 	1.8 	1.25454 	1.25454 	
90 	0.00765416 	1.8 	1.41039 	1.41039 	
90 	0.00785587 	1.8 	1.44935 	1.44935 	
90 	0.00824328 	1.8 	1.52727 	1.52727 	
90 	0.00833352 	1.8 	1.54675 	1.54675 	
90 	0.00850711 	1.8 	1.58571 	1.58571 	
90 	0.00880319 	1.8 	1.66364 	1.66364 	
90 	0.00885585 	1.8 	1.68068 	1.68068 	
90 	0.00895063 	1.8 	1.71477 	1.71477 	
90 	0.00897035 	1.8 	1.7233 	1.7233 	
90 	0.00900666 	1.8 	1.74034 	1.74034 	
90 	0.00901453 	1.8 	1.7446 	1.7446 	
90 	0.00902933 	1.8 	1.75312 	1.75312 	
90 	0.0090501 	1.8 	1.77017 	1.77017 	
90 	0.00910713 	1.8 	1.8 	1.8 	
90 	0.009113 	1.79659 	1.8 	1.8 	
90 	0.00911442 	1.79574 	1.8 	1.8 	
90 	0.00911715 	1.79403 	1.8 	1.8 	
90 	0.00912206 	1.79062 	1.8 	1.8 	
90 	0.00913 	1.78381 	1.8 	1.8 	
90 	0.00914078 	1.77017 	1.8 	1.8 	
90 	0.0091676 	1.7429 	1.8 	1.8 	
90 	0.00922962 	1.68835 	1.8 	1.8 	
90 	0.00923923 	1.57926 	1.8 	1.8 	
90 	0.00908736 	1.36108 	1.8 	1.8 	
90 	0.00885247 	0.924713 	1.8 	1.8 	
90 	0.00860373 	0.401083 	1.8 	1.8 	
90 	0.00840437 	1.21292e-09 	1.8 	1.8 	
90 	0.0083593 	0 	1.8 	1.8 	
90 	0.00827314 	0 	1.8 	1.8 	
90 	0.00811821 	0 	1.8 	1.8 	
90 	0.00789428 	0 	1.8 	1.8 	
90 	0.00767101 	0 	1.8 	1.8 	
90 	0.00728965 	0 	1.8 	1.8 	
90.0001 	0.00670229 	0 	1.8 	1.8 	
90.0001 	0.00592834 	0 	1.8 	1.8 	
90.0002 	0.00510852 	0 	1.8 	1.8 	
90.0003 	0.00453736 	0 	1.8 	1.8 	
90.0004 	0.00424442 	0 	1.8 	1.8 	
90.0007 	0.00408186 	0 	1.8 	1.8 	
90.0011 	0.0040157 	0 	1.8 	1.8 	
90.0019 	0.00393847 	0 	1.8 	1.8 	
90.0032 	0.00381109 	0 	1.8 	1.8 	
90.0058 	0.00356856 	0 	1.8 	1.8 	
90.0111 	0.00312566 	0 	1.8 	1.8 	
90.0215 	0.00238657 	0 	1.8 	1.8 	
90.0404 	0.00144462 	0 	1.8 	1.8 	
90.0741 	0.000555054 	0 	1.8 	1.8 	
90.1335 	4.7612e-05 	0 	1.8 	1.8 	
90.2218 	-3.53926e-05 	0 	1.8 	1.8 	
90.3579 	-1.64371e-05 	0 	1.8 	1.8 	
90.6229 	6.09963e-06 	0 	1.8 	1.8 	
91.1531 	3.18095e-05 	0 	1.8 	1.8 	
92.1531 	4.43781e-05 	0 	1.8 	1.8 	
93.1531 	4.18784e-05 	0 	1.8 	1.8 	
94.1531 	3.75772e-05 	0 	1.8 	1.8 	
95.1531 	3.39234e-05 	0 	1.8 	1.8 	
96 	3.12219e-05 	0 	1.8 	1.8 	
96 	3.11352e-05 	0 	1.8 	1.8 	
96 	3.1089e-05 	0 	1.8 	1.8 	
96 	3.11404e-05 	0 	1.8 	1.8 	
96 	3.11422e-05 	0 	1.8 	1.8 	
96 	3.11485e-05 	0 	1.8 	1.8 	
96 	3.1157e-05 	0 	1.8 	1.8 	
96 	3.1167e-05 	0 	1.8 	1.8 	
96 	3.1182e-05 	0 	1.8 	1.8 	
96 	3.11958e-05 	0 	1.8 	1.8 	
96.0001 	3.12009e-05 	0 	1.8 	1.8 	
96.0001 	3.11927e-05 	0 	1.8 	1.8 	
96.0002 	3.11781e-05 	0 	1.8 	1.8 	
96.0004 	3.11666e-05 	0 	1.8 	1.8 	
96.0008 	3.1165e-05 	0 	1.8 	1.8 	
96.0017 	3.1163e-05 	0 	1.8 	1.8 	
96.0033 	3.11599e-05 	0 	1.8 	1.8 	
96.0066 	3.11524e-05 	0 	1.8 	1.8 	
96.0131 	3.11382e-05 	0 	1.8 	1.8 	
96.0262 	3.11094e-05 	0 	1.8 	1.8 	
96.0524 	3.10512e-05 	0 	1.8 	1.8 	
96.1049 	3.09197e-05 	0 	1.8 	1.8 	
96.2097 	3.06316e-05 	0 	1.8 	1.8 	
96.4194 	3.00534e-05 	0 	1.8 	1.8 	
96.8389 	2.89614e-05 	0 	1.8 	1.8 	
97.6777 	2.69883e-05 	0 	1.8 	1.8 	
98.6777 	2.49554e-05 	0 	1.8 	1.8 	
99.6777 	2.32e-05 	0 	1.8 	1.8 	
100.678 	2.16703e-05 	0 	1.8 	1.8 	
101.678 	2.03228e-05 	0 	1.8 	1.8 	
102.678 	1.9129e-05 	0 	1.8 	1.8 	
103.678 	1.80619e-05 	0 	1.8 	1.8 	
104 	1.77431e-05 	0 	1.8 	1.8 	
104 	1.7743e-05 	0 	1.8 	1.8 	
104 	1.77429e-05 	0 	1.8 	1.8 	
104 	1.77429e-05 	0 	1.8 	1.8 	
104 	1.77429e-05 	0 	1.8 	1.8 	
104 	1.77429e-05 	0 	1.8 	1.8 	
104 	1.77429e-05 	0 	1.8 	1.8 	
104 	1.77429e-05 	0 	1.8 	1.8 	
104 	1.77429e-05 	0 	1.8 	1.8 	
104 	1.77429e-05 	0 	1.8 	1.8 	
104 	1.77428e-05 	0 	1.8 	1.8 	
104 	1.77428e-05 	0 	1.8 	1.8 	
104 	1.77427e-05 	0 	1.8 	1.8 	
104 	1.77425e-05 	0 	1.8 	1.8 	
104.001 	1.77421e-05 	0 	1.8 	1.8 	
104.002 	1.77413e-05 	0 	1.8 	1.8 	
104.003 	1.77397e-05 	0 	1.8 	1.8 	
104.007 	1.77365e-05 	0 	1.8 	1.8 	
104.013 	1.77301e-05 	0 	1.8 	1.8 	
104.026 	1.77173e-05 	0 	1.8 	1.8 	
104.052 	1.76919e-05 	0 	1.8 	1.8 	
104.105 	1.76412e-05 	0 	1.8 	1.8 	
104.21 	1.75407e-05 	0 	1.8 	1.8 	
104.419 	1.73429e-05 	0 	1.8 	1.8 	
104.839 	1.69597e-05 	0 	1.8 	1.8 	
105 	1.68168e-05 	0 	1.8 	1.8 	
105 	2.07788e-05 	0.18 	1.8 	1.8 	
105 	3.14888e-05 	0.54 	1.8 	1.8 	
105 	4.49074e-05 	0.976425 	1.8 	1.8 	
105 	5.34256e-05 	1.39125 	1.8 	1.8 	
105 	5.93439e-05 	1.8 	1.8 	1.8 	
105 	5.95792e-05 	1.8 	1.8 	1.8 	
105 	5.96889e-05 	1.8 	1.8 	1.8 	
105 	5.87038e-05 	1.8 	1.8 	1.8 	
105 	5.56975e-05 	1.8 	1.8 	1.8 	
105 	5.21384e-05 	1.8 	1.8 	1.8 	
105 	4.65382e-05 	1.8 	1.8 	1.8 	
105 	3.8755e-05 	1.8 	1.8 	1.8 	
105 	2.98112e-05 	1.8 	1.8 	1.8 	
105 	2.17158e-05 	1.8 	1.8 	1.8 	
105 	1.83257e-05 	1.8 	1.8 	1.8 	
105 	1.91021e-05 	1.8 	1.8 	1.8 	
105 	1.91742e-05 	1.8 	1.8 	1.8 	
105.001 	1.92297e-05 	1.8 	1.8 	1.8 	
105.001 	1.91445e-05 	1.8 	1.8 	1.8 	
105.002 	1.88833e-05 	1.8 	1.8 	1.8 	
105.003 	1.84542e-05 	1.8 	1.8 	1.8 	
105.006 	1.7688e-05 	1.8 	1.8 	1.8 	
105.011 	1.66632e-05 	1.8 	1.8 	1.8 	
105.021 	1.58966e-05 	1.8 	1.8 	1.8 	
105.042 	1.59004e-05 	1.8 	1.8 	1.8 	
105.084 	1.64661e-05 	1.8 	1.8 	1.8 	
105.153 	1.92594e-05 	1.8 	1.8 	1.8 	
105.226 	1.82525e-05 	1.8 	1.8 	1.8 	
105.312 	1.44332e-05 	1.8 	1.8 	1.8 	
105.41 	1.46542e-05 	1.8 	1.8 	1.8 	
105.491 	1.088e-05 	1.8 	1.8 	1.8 	
105.577 	4.75241e-06 	1.8 	1.8 	1.8 	
105.652 	8.96047e-05 	1.8 	1.8 	1.8 	
105.702 	0.000209123 	1.8 	1.8 	1.8 	
105.764 	0.000417505 	1.8 	1.8 	1.8 	
105.823 	0.000210699 	1.8 	1.8 	1.8 	
105.872 	-0.00120205 	1.8 	1.8 	1.8 	
105.925 	-0.00283423 	1.8 	1.8 	1.8 	
105.98 	-0.00303829 	1.8 	1.8 	1.8 	
106.053 	-0.00291375 	1.8 	1.8 	1.8 	
106.126 	-0.00276313 	1.8 	1.8 	1.8 	
106.222 	-0.00258404 	1.8 	1.8 	1.8 	
106.278 	-0.00248434 	1.8 	1.8 	1.8 	
106.332 	-0.00239125 	1.8 	1.8 	1.8 	
106.42 	-0.00224992 	1.8 	1.8 	1.8 	
106.501 	-0.00212517 	1.8 	1.8 	1.8 	
106.661 	-0.00190037 	1.8 	1.8 	1.8 	
106.966 	-0.00153234 	1.8 	1.8 	1.8 	
107.4 	-0.00112968 	1.8 	1.8 	1.8 	
108.268 	-0.000601434 	1.8 	1.8 	1.8 	
109.141 	-0.00032138 	1.8 	1.8 	1.8 	
110.052 	-0.000164207 	1.8 	1.8 	1.8 	
110.939 	-8.73127e-05 	1.8 	1.8 	1.8 	
111.584 	-5.3248e-05 	1.8 	1.8 	1.8 	
112 	-4.09608e-05 	1.8 	1.8 	1.8 	
112 	-4.09679e-05 	1.8 	1.8 	1.8 	
112 	-4.0965e-05 	1.8 	1.8 	1.8 	
112 	-4.09406e-05 	1.8 	1.8 	1.8 	
112 	-4.09273e-05 	1.8 	1.8 	1.8 	
112 	-4.09229e-05 	1.8 	1.8 	1.8 	
112 	-4.09148e-05 	1.8 	1.8 	1.8 	
112 	-4.09003e-05 	1.8 	1.8 	1.8 	
112 	-4.08741e-05 	1.8 	1.8 	1.8 	
112 	-4.0834e-05 	1.8 	1.8 	1.8 	
112 	-4.07872e-05 	1.8 	1.8 	1.8 	
112 	-4.07538e-05 	1.8 	1.8 	1.8 	
112 	-4.07375e-05 	1.8 	1.8 	1.8 	
112 	-4.07051e-05 	1.8 	1.8 	1.8 	
112.001 	-4.06231e-05 	1.8 	1.8 	1.8 	
112.002 	-4.04756e-05 	1.8 	1.8 	1.8 	
112.003 	-4.02515e-05 	1.8 	1.8 	1.8 	
112.007 	-3.99661e-05 	1.8 	1.8 	1.8 	
112.013 	-3.9664e-05 	1.8 	1.8 	1.8 	
112.026 	-3.92835e-05 	1.8 	1.8 	1.8 	
112.052 	-3.8556e-05 	1.8 	1.8 	1.8 	
112.105 	-3.71198e-05 	1.8 	1.8 	1.8 	
112.21 	-3.44031e-05 	1.8 	1.8 	1.8 	
112.419 	-2.95224e-05 	1.8 	1.8 	1.8 	
112.839 	-2.16448e-05 	1.8 	1.8 	1.8 	
113.221 	-1.64377e-05 	1.8 	1.8 	1.8 	
113.509 	-1.19223e-05 	1.8 	1.8 	1.8 	
113.717 	-1.05262e-05 	1.8 	1.8 	1.8 	
113.88 	5.57836e-05 	1.8 	1.8 	1.8 	
114.004 	-0.000193356 	1.8 	1.8 	1.8 	
114.124 	-0.000188046 	1.8 	1.8 	1.8 	
114.245 	-0.000385651 	1.8 	1.8 	1.8 	
114.36 	-0.000398044 	1.8 	1.8 	1.8 	
114.495 	-0.000565334 	1.8 	1.8 	1.8 	
114.677 	-0.000635296 	1.8 	1.8 	1.8 	
114.915 	-0.000839026 	1.8 	1.8 	1.8 	
115.28 	-0.000946811 	1.8 	1.8 	1.8 	
115.815 	9.08955e-05 	1.8 	1.8 	1.8 	
116.547 	0.0185897 	1.8 	1.8 	1.8 	
117.249 	0.0804894 	1.8 	1.8 	1.8 	
118.129 	0.250103 	1.8 	1.8 	1.8 	
119.129 	0.557029 	1.8 	1.8 	1.8 	
120 	0.889869 	1.8 	1.8 	1.8 	
120 	0.889869 	1.8 	1.8 	1.8 	
120 	0.88987 	1.8 	1.8 	1.8 	
120 	0.889871 	1.8 	1.8 	1.8 	
120 	0.889873 	1.8 	1.8 	1.8 	
120 	0.889836 	1.656 	1.656 	1.656 	
120 	0.889758 	1.368 	1.368 	1.368 	
120 	0.889583 	0.857614 	0.857614 	0.857614 	
120 	0.889406 	0.326537 	0.326537 	0.326537 	
120 	0.889301 	1.21292e-09 	1.80849e-09 	1.80849e-09 	
120 	0.889305 	0 	0 	0 	
120 	0.889322 	0 	0 	0 	
120 	0.889348 	0 	0 	0 	
120 	0.88937 	0 	0 	0 	
120 	0.889388 	0 	0 	0 	
120 	0.889407 	0 	0 	0 	
120 	0.889431 	0 	0 	0 	
120 	0.889482 	0 	0 	0 	
120 	0.889566 	0 	0 	0 	
120 	0.889667 	0 	0 	0 	
120 	0.889766 	0 	0 	0 	
120.001 	0.889871 	0 	0 	0 	
120.001 	0.890009 	0 	0 	0 	
120.002 	0.890263 	0 	0 	0 	
120.003 	0.890773 	0 	0 	0 	
120.005 	0.891792 	0 	0 	0 	
120.01 	0.893838 	0 	0 	0 	
120.02 	0.897938 	0 	0 	0 	
120.04 	0.906154 	0 	0 	0 	
120.08 	0.922662 	0 	0 	0 	
120.146 	0.949741 	0 	0 	0 	
120.222 	0.981528 	0 	0 	0 	
120.367 	1.0415 	0 	0 	0 	
120.538 	1.11191 	0 	0 	0 	
120.879 	1.24789 	0 	0 	0 	
121.561 	1.47485 	0 	0 	0 	
122.561 	1.6762 	0 	0 	0 	
123.561 	1.75915 	0 	0 	0 	
124.561 	1.7873 	0 	0 	0 	
125.561 	1.79613 	0 	0 	0 	
126.561 	1.79883 	0 	0 	0 	
127.561 	1.79964 	0 	0 	0 	
128 	1.79978 	0 	0 	0 	
128 	1.79978 	0 	0 	0 	
128 	1.79978 	0 	0 	0 	
128 	1.79978 	0 	0 	0 	
128 	1.79978 	0 	0 	0 	
128 	1.79978 	0 	0 	0 	
128 	1.79978 	0 	0 	0 	
128 	1.79978 	0 	0 	0 	
128 	1.79978 	0 	0 	0 	
128 	1.79978 	0 	0 	0 	
128 	1.79978 	0 	0 	0 	
128 	1.79978 	0 	0 	0 	
128 	1.79978 	0 	0 	0 	
128 	1.79978 	0 	0 	0 	
128.001 	1.79978 	0 	0 	0 	
128.002 	1.79978 	0 	0 	0 	
128.003 	1.79978 	0 	0 	0 	
128.007 	1.79978 	0 	0 	0 	
128.013 	1.79978 	0 	0 	0 	
128.026 	1.79979 	0 	0 	0 	
128.052 	1.79979 	0 	0 	0 	
128.105 	1.7998 	0 	0 	0 	
128.21 	1.79982 	0 	0 	0 	
128.419 	1.79986 	0 	0 	0 	
128.839 	1.79991 	0 	0 	0 	
129.678 	1.79997 	0 	0 	0 	
130.678 	1.79999 	0 	0 	0 	
131.678 	1.8 	0 	0 	0 	
132.678 	1.8 	0 	0 	0 	
133.678 	1.8 	0 	0 	0 	
134.678 	1.8 	0 	0 	0 	
135 	1.8 	0 	0 	0 	
135 	1.8 	0.18 	0 	0 	
135 	1.8 	0.54 	0 	0 	
135 	1.8 	0.976491 	0 	0 	
135 	1.8 	1.39128 	0 	0 	
135 	1.8 	1.8 	0 	0 	
135 	1.8 	1.8 	0 	0 	
135 	1.8 	1.8 	0 	0 	
135 	1.8 	1.8 	0 	0 	
135 	1.8 	1.8 	0 	0 	
135 	1.8 	1.8 	0 	0 	
135 	1.8 	1.8 	0 	0 	
135 	1.8 	1.8 	0 	0 	
135 	1.8 	1.8 	0 	0 	
135 	1.8 	1.8 	0 	0 	
135 	1.8 	1.8 	0 	0 	
135 	1.8 	1.8 	0 	0 	
135 	1.8 	1.8 	0 	0 	
135.001 	1.8 	1.8 	0 	0 	
135.001 	1.8 	1.8 	0 	0 	
135.002 	1.8 	1.8 	0 	0 	
135.003 	1.8 	1.8 	0 	0 	
135.006 	1.8 	1.8 	0 	0 	
135.011 	1.8 	1.8 	0 	0 	
135.021 	1.8 	1.8 	0 	0 	
135.042 	1.8 	1.8 	0 	0 	
135.084 	1.8 	1.8 	0 	0 	
135.153 	1.8 	1.8 	0 	0 	
135.226 	1.8 	1.8 	0 	0 	
135.312 	1.8 	1.8 	0 	0 	
135.455 	1.8 	1.8 	0 	0 	
135.575 	1.8 	1.8 	0 	0 	
135.701 	1.80001 	1.8 	0 	0 	
135.846 	1.79997 	1.8 	0 	0 	
135.927 	1.79974 	1.8 	0 	0 	
136 	1.7996 	1.8 	0 	0 	
136 	1.7996 	1.8 	0 	0 	
136 	1.7996 	1.8 	0 	0 	
136 	1.7996 	1.8 	0 	0 	
136 	1.7996 	1.8 	0 	0 	
136 	1.7996 	1.8 	0 	0 	
136 	1.7996 	1.8 	0 	0 	
136 	1.7996 	1.8 	0 	0 	
136 	1.7996 	1.8 	0 	0 	
136 	1.7996 	1.8 	0 	0 	
136 	1.7996 	1.8 	0 	0 	
136 	1.7996 	1.8 	0 	0 	
136 	1.7996 	1.8 	0 	0 	
136 	1.7996 	1.8 	0 	0 	
136.001 	1.7996 	1.8 	0 	0 	
136.002 	1.7996 	1.8 	0 	0 	
136.003 	1.7996 	1.8 	0 	0 	
136.007 	1.7996 	1.8 	0 	0 	
136.013 	1.79961 	1.8 	0 	0 	
136.026 	1.79961 	1.8 	0 	0 	
136.052 	1.79962 	1.8 	0 	0 	
136.105 	1.79963 	1.8 	0 	0 	
136.21 	1.79966 	1.8 	0 	0 	
136.419 	1.79972 	1.8 	0 	0 	
136.839 	1.79981 	1.8 	0 	0 	
137.678 	1.79991 	1.8 	0 	0 	
138.678 	1.79997 	1.8 	0 	0 	
139.678 	1.79998 	1.8 	0 	0 	
140.678 	1.79999 	1.8 	0 	0 	
141.678 	1.79999 	1.8 	0 	0 	
142.678 	1.8 	1.8 	0 	0 	
143.439 	1.8 	1.8 	0 	0 	
144 	1.80006 	1.8 	0 	0 	
144 	1.80006 	1.8 	0 	0 	
144 	1.80006 	1.8 	0 	0 	
144 	1.80006 	1.8 	0 	0 	
144 	1.80006 	1.8 	0 	0 	
144 	1.80006 	1.8 	0 	0 	
144 	1.80006 	1.8 	0 	0 	
144 	1.80006 	1.8 	0 	0 	
144 	1.80006 	1.8 	0 	0 	
144 	1.80006 	1.8 	0 	0 	
144 	1.80006 	1.8 	0 	0 	
144 	1.80006 	1.8 	0 	0 	
144 	1.80006 	1.8 	0 	0 	
144 	1.80006 	1.8 	0 	0 	
144.001 	1.80006 	1.8 	0 	0 	
144.002 	1.80006 	1.8 	0 	0 	
144.003 	1.80006 	1.8 	0 	0 	
144.007 	1.80006 	1.8 	0 	0 	
144.013 	1.80006 	1.8 	0 	0 	
144.026 	1.80006 	1.8 	0 	0 	
144.052 	1.80006 	1.8 	0 	0 	
144.105 	1.80006 	1.8 	0 	0 	
144.21 	1.80005 	1.8 	0 	0 	
144.32 	1.80004 	1.8 	0 	0 	
144.494 	1.80003 	1.8 	0 	0 	
144.792 	1.80002 	1.8 	0 	0 	
145.388 	1.80001 	1.8 	0 	0 	
146.388 	1.8 	1.8 	0 	0 	
147.388 	1.8 	1.8 	0 	0 	
148.388 	1.8 	1.8 	0 	0 	
149.388 	1.8 	1.8 	0 	0 	
150 	1.8 	1.8 	0 	0 	
150 	1.80011 	1.8 	0 	0.18 	
150 	1.80043 	1.8 	0 	0.54 	
150 	1.80266 	1.8 	0 	1.26 	
150 	1.80559 	1.8 	0 	1.8 	
150 	1.80576 	1.73441 	0 	1.8 	
150 	1.80587 	1.60324 	0 	1.8 	
150 	1.80568 	1.3409 	0 	1.8 	
150 	1.80534 	0.819353 	0 	1.8 	
150 	1.80502 	0.30751 	0 	1.8 	
150 	1.80484 	0 	0 	1.8 	
150 	1.80479 	0 	0 	1.8 	
150 	1.80468 	0 	0 	1.8 	
150 	1.80447 	0 	0 	1.8 	
150 	1.80417 	0 	0 	1.8 	
150 	1.80388 	0 	0 	1.8 	
150 	1.80338 	0 	0 	1.8 	
150 	1.80262 	0 	0 	1.8 	
150 	1.80175 	0 	0 	1.8 	
150 	1.80108 	0 	0 	1.8 	
150 	1.80074 	0 	0 	1.8 	
150 	1.80057 	0 	0 	1.8 	
150.001 	1.80049 	0 	0 	1.8 	
150.001 	1.80051 	0 	0 	1.8 	
150.002 	1.80051 	0 	0 	1.8 	
150.003 	1.80048 	0 	0 	1.8 	
150.005 	1.80045 	0 	0 	1.8 	
150.009 	1.8004 	0 	0 	1.8 	
150.018 	1.80032 	0 	0 	1.8 	
150.035 	1.80016 	0 	0 	1.8 	
150.063 	1.7999 	0 	0 	1.8 	
150.113 	1.79957 	0 	0 	1.8 	
150.172 	1.79932 	0 	0 	1.8 	
150.235 	1.79932 	0 	0 	1.8 	
150.287 	1.79939 	0 	0 	1.8 	
150.338 	1.79942 	0 	0 	1.8 	
150.41 	1.79944 	0 	0 	1.8 	
150.491 	1.79948 	0 	0 	1.8 	
150.605 	1.79954 	0 	0 	1.8 	
150.794 	1.79962 	0 	0 	1.8 	
151.172 	1.79975 	0 	0 	1.8 	
151.927 	1.79989 	0 	0 	1.8 	
152 	1.7999 	0 	0 	1.8 	
152 	1.7999 	0 	0 	1.8 	
152 	1.7999 	0 	0 	1.8 	
152 	1.7999 	0 	0 	1.8 	
152 	1.7999 	0 	0 	1.8 	
152 	1.7999 	0 	0 	1.8 	
152 	1.7999 	0 	0 	1.8 	
152 	1.7999 	0 	0 	1.8 	
152 	1.7999 	0 	0 	1.8 	
152 	1.7999 	0 	0 	1.8 	
152 	1.7999 	0 	0 	1.8 	
152 	1.7999 	0 	0 	1.8 	
152 	1.7999 	0 	0 	1.8 	
152 	1.7999 	0 	0 	1.8 	
152.001 	1.7999 	0 	0 	1.8 	
152.002 	1.7999 	0 	0 	1.8 	
152.003 	1.7999 	0 	0 	1.8 	
152.007 	1.7999 	0 	0 	1.8 	
152.013 	1.7999 	0 	0 	1.8 	
152.026 	1.7999 	0 	0 	1.8 	
152.052 	1.79991 	0 	0 	1.8 	
152.105 	1.79991 	0 	0 	1.8 	
152.21 	1.79992 	0 	0 	1.8 	
152.419 	1.79994 	0 	0 	1.8 	
152.839 	1.79996 	0 	0 	1.8 	
153.678 	1.79998 	0 	0 	1.8 	
154.678 	1.8 	0 	0 	1.8 	
155 	1.8 	0 	0 	1.8 	
155 	1.8 	0 	0 	1.8 	
155 	1.8 	0 	0 	1.8 	
155 	1.8 	0 	0 	1.8 	
155 	1.8 	0 	0 	1.8 	
155 	1.8 	0 	0 	1.8 	
155 	1.8 	0 	0 	1.8 	
155 	1.8 	0 	0 	1.8 	
155 	1.8 	0 	0 	1.8 	
155 	1.8 	0 	0 	1.8 	
155 	1.8 	0 	0 	1.8 	
155 	1.8 	0 	0 	1.8 	
155 	1.8 	0 	0 	1.8 	
155 	1.8 	0 	0 	1.8 	
155.001 	1.8 	0 	0 	1.8 	
155.002 	1.8 	0 	0 	1.8 	
155.003 	1.8 	0 	0 	1.8 	
155.007 	1.8 	0 	0 	1.8 	
155.013 	1.8 	0 	0 	1.8 	
155.026 	1.8 	0 	0 	1.8 	
155.052 	1.8 	0 	0 	1.8 	
155.105 	1.8 	0 	0 	1.8 	
155.21 	1.8 	0 	0 	1.8 	
155.419 	1.8 	0 	0 	1.8 	
155.839 	1.8 	0 	0 	1.8 	
156.678 	1.8 	0 	0 	1.8 	
157.678 	1.8 	0 	0 	1.8 	
158.678 	1.8 	0 	0 	1.8 	
159.678 	1.8 	0 	0 	1.8 	
160 	1.8 	0 	0 	1.8 	
160 	1.8 	0 	0 	1.8 	
160 	1.8 	0 	0 	1.8 	
160 	1.8 	0 	0 	1.8 	
160 	1.8 	0 	0 	1.8 	
160 	1.8 	0 	0 	1.8 	
160 	1.8 	0 	0 	1.8 	
160 	1.8 	0 	0 	1.8 	
160 	1.8 	0 	0 	1.8 	
160 	1.8 	0 	0 	1.8 	
160 	1.8 	0 	0 	1.8 	
160 	1.8 	0 	0 	1.8 	
160 	1.8 	0 	0 	1.8 	
160 	1.8 	0 	0 	1.8 	
160.001 	1.8 	0 	0 	1.8 	
160.002 	1.8 	0 	0 	1.8 	
160.003 	1.8 	0 	0 	1.8 	
160.007 	1.8 	0 	0 	1.8 	
160.013 	1.8 	0 	0 	1.8 	
160.026 	1.8 	0 	0 	1.8 	
160.052 	1.8 	0 	0 	1.8 	
160.105 	1.8 	0 	0 	1.8 	
160.21 	1.8 	0 	0 	1.8 	
160.419 	1.8 	0 	0 	1.8 	
160.839 	1.8 	0 	0 	1.8 	
161.678 	1.8 	0 	0 	1.8 	
162.678 	1.8 	0 	0 	1.8 	
163.678 	1.8 	0 	0 	1.8 	
164.678 	1.8 	0 	0 	1.8 	
165 	1.8 	0 	0 	1.8 	
165 	1.8 	0.18 	0 	1.8 	
165 	1.8 	0.54 	0 	1.8 	
165 	1.8 	0.976449 	0 	1.8 	
165 	1.8 	1.39126 	0 	1.8 	
165 	1.8 	1.8 	0 	1.8 	
165 	1.8 	1.8 	0 	1.8 	
165 	1.8 	1.8 	0 	1.8 	
165 	1.8 	1.8 	0 	1.8 	
165 	1.8 	1.8 	0 	1.8 	
165 	1.8 	1.8 	0 	1.8 	
165 	1.8 	1.8 	0 	1.8 	
165 	1.8 	1.8 	0 	1.8 	
165 	1.8 	1.8 	0 	1.8 	
165 	1.8 	1.8 	0 	1.8 	
165 	1.8 	1.8 	0 	1.8 	
165 	1.8 	1.8 	0 	1.8 	
165 	1.8 	1.8 	0 	1.8 	
165.001 	1.8 	1.8 	0 	1.8 	
165.001 	1.8 	1.8 	0 	1.8 	
165.002 	1.8 	1.8 	0 	1.8 	
165.003 	1.8 	1.8 	0 	1.8 	
165.006 	1.8 	1.8 	0 	1.8 	
165.011 	1.8 	1.8 	0 	1.8 	
165.021 	1.8 	1.8 	0 	1.8 	
165.042 	1.8 	1.8 	0 	1.8 	
165.084 	1.8 	1.8 	0 	1.8 	
165.153 	1.8 	1.8 	0 	1.8 	
165.226 	1.8 	1.8 	0 	1.8 	
165.312 	1.8 	1.8 	0 	1.8 	
165.41 	1.8 	1.8 	0 	1.8 	
165.491 	1.8 	1.8 	0 	1.8 	
165.577 	1.8 	1.8 	0 	1.8 	
165.654 	1.8 	1.8 	0 	1.8 	
165.715 	1.80001 	1.8 	0 	1.8 	
165.781 	1.80001 	1.8 	0 	1.8 	
165.855 	1.8 	1.8 	0 	1.8 	
165.915 	1.79993 	1.8 	0 	1.8 	
165.98 	1.79989 	1.8 	0 	1.8 	
166.04 	1.79992 	1.8 	0 	1.8 	
166.118 	1.79992 	1.8 	0 	1.8 	
166.215 	1.79993 	1.8 	0 	1.8 	
166.4 	1.79995 	1.8 	0 	1.8 	
166.771 	1.79997 	1.8 	0 	1.8 	
167.426 	1.79999 	1.8 	0 	1.8 	
168 	1.8 	1.8 	0 	1.8 	
168 	1.8 	1.8 	0 	1.8 	
168 	1.8 	1.8 	0 	1.8 	
168 	1.8 	1.8 	0 	1.8 	
168 	1.8 	1.8 	0 	1.8 	
168 	1.8 	1.8 	0 	1.8 	
168 	1.8 	1.8 	0 	1.8 	
168 	1.8 	1.8 	0 	1.8 	
168 	1.8 	1.8 	0 	1.8 	
168 	1.8 	1.8 	0 	1.8 	
168 	1.8 	1.8 	0 	1.8 	
168 	1.8 	1.8 	0 	1.8 	
168 	1.8 	1.8 	0 	1.8 	
168 	1.8 	1.8 	0 	1.8 	
168.001 	1.8 	1.8 	0 	1.8 	
168.002 	1.8 	1.8 	0 	1.8 	
168.003 	1.8 	1.8 	0 	1.8 	
168.007 	1.8 	1.8 	0 	1.8 	
168.013 	1.8 	1.8 	0 	1.8 	
168.026 	1.8 	1.8 	0 	1.8 	
168.052 	1.8 	1.8 	0 	1.8 	
168.105 	1.8 	1.8 	0 	1.8 	
168.21 	1.8 	1.8 	0 	1.8 	
168.419 	1.8 	1.8 	0 	1.8 	
168.767 	1.8 	1.8 	0 	1.8 	
169.205 	1.8 	1.8 	0 	1.8 	
169.852 	1.8 	1.8 	0 	1.8 	
170.517 	1.8 	1.8 	0 	1.8 	
170.965 	1.8 	1.8 	0 	1.8 	
171.444 	1.8 	1.8 	0 	1.8 	
171.963 	1.8 	1.8 	0 	1.8 	
172.478 	1.8 	1.8 	0 	1.8 	
172.89 	1.8 	1.8 	0 	1.8 	
173.286 	1.8 	1.8 	0 	1.8 	
173.619 	1.79983 	1.8 	0 	1.8 	
173.853 	1.78665 	1.8 	0 	1.8 	
174.041 	1.73847 	1.8 	0 	1.8 	
174.232 	1.67658 	1.8 	0 	1.8 	
174.381 	1.63221 	1.8 	0 	1.8 	
174.537 	1.58303 	1.8 	0 	1.8 	
174.748 	1.51843 	1.8 	0 	1.8 	
175.011 	1.43698 	1.8 	0 	1.8 	
175.441 	1.306 	1.8 	0 	1.8 	
176 	1.13634 	1.8 	0 	1.8 	
176 	1.13634 	1.8 	0 	1.8 	
176 	1.13634 	1.8 	0 	1.8 	
176 	1.13634 	1.8 	0 	1.8 	
176 	1.13634 	1.8 	0 	1.8 	
176 	1.13634 	1.8 	0 	1.8 	
176 	1.13634 	1.8 	0 	1.8 	
176 	1.13634 	1.8 	0 	1.8 	
176 	1.13634 	1.8 	0 	1.8 	
176 	1.13633 	1.8 	0 	1.8 	
176 	1.13632 	1.8 	0 	1.8 	
176 	1.13631 	1.8 	0 	1.8 	
176 	1.13628 	1.8 	0 	1.8 	
176 	1.13622 	1.8 	0 	1.8 	
176.001 	1.13611 	1.8 	0 	1.8 	
176.002 	1.13588 	1.8 	0 	1.8 	
176.003 	1.13541 	1.8 	0 	1.8 	
176.007 	1.13447 	1.8 	0 	1.8 	
176.013 	1.13257 	1.8 	0 	1.8 	
176.026 	1.1287 	1.8 	0 	1.8 	
176.052 	1.12088 	1.8 	0 	1.8 	
176.105 	1.10518 	1.8 	0 	1.8 	
176.21 	1.07383 	1.8 	0 	1.8 	
176.419 	1.01144 	1.8 	0 	1.8 	
176.809 	0.896916 	1.8 	0 	1.8 	
177.29 	0.758511 	1.8 	0 	1.8 	
177.976 	0.572169 	1.8 	0 	1.8 	
178.663 	0.411281 	1.8 	0 	1.8 	
179.082 	0.330839 	1.8 	0 	1.8 	
179.524 	0.256491 	1.8 	0 	1.8 	
179.921 	0.198476 	1.8 	0 	1.8 	
180 	0.187361 	1.8 	0 	1.8 	
180 	0.187372 	1.8 	0.18 	1.8 	
180 	0.187402 	1.8 	0.54 	1.8 	
180 	0.187475 	1.8 	1.26 	1.8 	
180 	0.187522 	1.8 	1.8 	1.8 	
180 	0.187482 	1.73501 	1.8 	1.73501 	
180 	0.187377 	1.60504 	1.8 	1.60504 	
180 	0.187094 	1.34509 	1.8 	1.34509 	
180 	0.185792 	0.868161 	1.8 	0.868161 	
180 	0.183928 	0.342288 	1.8 	0.342288 	
180 	0.183628 	0 	1.8 	1.80849e-09 	
180 	0.183644 	0 	1.8 	0 	
180 	0.183664 	0 	1.8 	0 	
180 	0.1837 	0 	1.8 	0 	
180 	0.183752 	0 	1.8 	0 	
180 	0.183802 	0 	1.8 	0 	
180 	0.183886 	0 	1.8 	0 	
180 	0.18403 	0 	1.8 	0 	
180 	0.184282 	0 	1.8 	0 	
180 	0.184536 	0 	1.8 	0 	
180 	0.184748 	0 	1.8 	0 	
180 	0.184824 	0 	1.8 	0 	
180.001 	0.184843 	0 	1.8 	0 	
180.001 	0.184809 	0 	1.8 	0 	
180.002 	0.184756 	0 	1.8 	0 	
180.003 	0.184666 	0 	1.8 	0 	
180.005 	0.184492 	0 	1.8 	0 	
180.009 	0.184132 	0 	1.8 	0 	
180.017 	0.183384 	0 	1.8 	0 	
180.033 	0.181733 	0 	1.8 	0 	
180.063 	0.178265 	0 	1.8 	0 	
180.114 	0.171627 	0 	1.8 	0 	
180.167 	0.164676 	0 	1.8 	0 	
180.232 	0.156147 	0 	1.8 	0 	
180.277 	0.150405 	0 	1.8 	0 	
180.327 	0.144059 	0 	1.8 	0 	
180.385 	0.137051 	0 	1.8 	0 	
180.448 	0.129466 	0 	1.8 	0 	
180.554 	0.117373 	0 	1.8 	0 	
180.698 	0.102075 	0 	1.8 	0 	
180.987 	0.0757301 	0 	1.8 	0 	
181.564 	0.0388475 	0 	1.8 	0 	
182.564 	0.00952486 	0 	1.8 	0 	
183.564 	0.00206464 	0 	1.8 	0 	
184 	0.00115932 	0 	1.8 	0 	
184 	0.00115824 	0 	1.8 	0 	
184 	0.00115753 	0 	1.8 	0 	
184 	0.00115775 	0 	1.8 	0 	
184 	0.0011576 	0 	1.8 	0 	
184 	0.00115761 	0 	1.8 	0 	
184 	0.00115762 	0 	1.8 	0 	
184 	0.0011576 	0 	1.8 	0 	
184 	0.00115757 	0 	1.8 	0 	
184 	0.00115752 	0 	1.8 	0 	
184 	0.00115744 	0 	1.8 	0 	
184 	0.00115731 	0 	1.8 	0 	
184 	0.00115711 	0 	1.8 	0 	
184 	0.00115679 	0 	1.8 	0 	
184.001 	0.00115618 	0 	1.8 	0 	
184.002 	0.00115496 	0 	1.8 	0 	
184.003 	0.00115254 	0 	1.8 	0 	
184.007 	0.0011477 	0 	1.8 	0 	
184.013 	0.00113808 	0 	1.8 	0 	
184.026 	0.00111905 	0 	1.8 	0 	
184.052 	0.00108191 	0 	1.8 	0 	
184.105 	0.00101125 	0 	1.8 	0 	
184.21 	0.000883375 	0 	1.8 	0 	
184.419 	0.000673557 	0 	1.8 	0 	
184.839 	0.000388405 	0 	1.8 	0 	
185.678 	0.000118523 	0 	1.8 	0 	
186.678 	2.76917e-05 	0 	1.8 	0 	
187.678 	6.88928e-06 	0 	1.8 	0 	
188.678 	1.81408e-06 	0 	1.8 	0 	
189.678 	4.98486e-07 	0 	1.8 	0 	
190.678 	1.43173e-07 	0 	1.8 	0 	
191.678 	4.15126e-08 	0 	1.8 	0 	
192 	3.07109e-08 	0 	1.8 	0 	
192 	3.01607e-08 	0 	1.8 	0 	
192 	2.96885e-08 	0 	1.8 	0 	
192 	2.98308e-08 	0 	1.8 	0 	
192 	2.97576e-08 	0 	1.8 	0 	
192 	2.97564e-08 	0 	1.8 	0 	
192 	2.97629e-08 	0 	1.8 	0 	
192 	2.97659e-08 	0 	1.8 	0 	
192 	2.97682e-08 	0 	1.8 	0 	
192 	2.97685e-08 	0 	1.8 	0 	
192 	2.97506e-08 	0 	1.8 	0 	
192 	2.97077e-08 	0 	1.8 	0 	
192 	2.96519e-08 	0 	1.8 	0 	
192 	2.96273e-08 	0 	1.8 	0 	
192.001 	2.96221e-08 	0 	1.8 	0 	
192.002 	2.96036e-08 	0 	1.8 	0 	
192.003 	2.95641e-08 	0 	1.8 	0 	
192.007 	2.9488e-08 	0 	1.8 	0 	
192.013 	2.93294e-08 	0 	1.8 	0 	
192.026 	2.89939e-08 	0 	1.8 	0 	
192.052 	2.82709e-08 	0 	1.8 	0 	
192.105 	2.68042e-08 	0 	1.8 	0 	
192.21 	2.40679e-08 	0 	1.8 	0 	
192.419 	1.94346e-08 	0 	1.8 	0 	
192.839 	1.27861e-08 	0 	1.8 	0 	
193.678 	5.83746e-09 	0 	1.8 	0 	
194.678 	3.01519e-09 	0 	1.8 	0 	
195 	2.68355e-09 	0 	1.8 	0 	
195 	2.88893e-06 	0.18 	1.8 	0 	
195 	1.05163e-05 	0.54 	1.8 	0 	
195 	1.99538e-05 	0.976409 	1.8 	0 	
195 	2.60476e-05 	1.39125 	1.8 	0 	
195 	3.03718e-05 	1.8 	1.8 	0 	
195 	3.05332e-05 	1.8 	1.8 	0 	
195 	3.06093e-05 	1.8 	1.8 	0 	
195 	2.99718e-05 	1.8 	1.8 	0 	
195 	2.80344e-05 	1.8 	1.8 	0 	
195 	2.57302e-05 	1.8 	1.8 	0 	
195 	2.20761e-05 	1.8 	1.8 	0 	
195 	1.69085e-05 	1.8 	1.8 	0 	
195 	1.07034e-05 	1.8 	1.8 	0 	
195 	4.55754e-06 	1.8 	1.8 	0 	
195 	1.43981e-06 	1.8 	1.8 	0 	
195 	1.84957e-06 	1.8 	1.8 	0 	
195 	1.91624e-06 	1.8 	1.8 	0 	
195.001 	1.93867e-06 	1.8 	1.8 	0 	
195.001 	1.87035e-06 	1.8 	1.8 	0 	
195.002 	1.64201e-06 	1.8 	1.8 	0 	
195.003 	1.27468e-06 	1.8 	1.8 	0 	
195.006 	6.21874e-07 	1.8 	1.8 	0 	
195.011 	-1.94111e-07 	1.8 	1.8 	0 	
195.021 	-7.22807e-07 	1.8 	1.8 	0 	
195.042 	-5.88191e-07 	1.8 	1.8 	0 	
195.084 	-9.00107e-08 	1.8 	1.8 	0 	
195.153 	1.73928e-06 	1.8 	1.8 	0 	
195.226 	7.40386e-07 	1.8 	1.8 	0 	
195.312 	-1.45152e-06 	1.8 	1.8 	0 	
195.429 	-1.21506e-06 	1.8 	1.8 	0 	
195.517 	-7.19903e-06 	1.8 	1.8 	0 	
195.613 	1.89422e-05 	1.8 	1.8 	0 	
195.695 	0.000177795 	1.8 	1.8 	0 	
195.748 	0.000357049 	1.8 	1.8 	0 	
195.807 	0.000337547 	1.8 	1.8 	0 	
195.874 	-0.00143079 	1.8 	1.8 	0 	
195.927 	-0.00293794 	1.8 	1.8 	0 	
195.986 	-0.00307293 	1.8 	1.8 	0 	
196.055 	-0.00294428 	1.8 	1.8 	0 	
196.127 	-0.00279757 	1.8 	1.8 	0 	
196.202 	-0.00265497 	1.8 	1.8 	0 	
196.249 	-0.00256985 	1.8 	1.8 	0 	
196.298 	-0.00248172 	1.8 	1.8 	0 	
196.375 	-0.00235256 	1.8 	1.8 	0 	
196.451 	-0.00222929 	1.8 	1.8 	0 	
196.601 	-0.00200931 	1.8 	1.8 	0 	
196.824 	-0.00171657 	1.8 	1.8 	0 	
197.27 	-0.00125474 	1.8 	1.8 	0 	
198.163 	-0.000656519 	1.8 	1.8 	0 	
199.024 	-0.000354032 	1.8 	1.8 	0 	
200 	-0.000172477 	1.8 	1.8 	0 	
200 	-0.000172486 	1.8 	1.8 	0 	
200 	-0.000172492 	1.8 	1.8 	0 	
200 	-0.000172495 	1.8 	1.8 	0 	
200 	-0.000172502 	1.8 	1.8 	0 	
200 	-0.000172503 	1.8 	1.8 	0 	
200 	-0.000172505 	1.8 	1.8 	0 	
200 	-0.000172511 	1.8 	1.8 	0 	
200 	-0.000172522 	1.8 	1.8 	0 	
200 	-0.000172543 	1.8 	1.8 	0 	
200 	-0.000172576 	1.8 	1.8 	0 	
200 	-0.000172629 	1.8 	1.8 	0 	
200 	-0.000172699 	1.8 	1.8 	0 	
200 	-0.000172751 	1.8 	1.8 	0 	
200.001 	-0.000172775 	1.8 	1.8 	0 	
200.002 	-0.000172783 	1.8 	1.8 	0 	
200.003 	-0.000172726 	1.8 	1.8 	0 	
200.007 	-0.000172452 	1.8 	1.8 	0 	
200.013 	-0.000171713 	1.8 	1.8 	0 	
200.026 	-0.000170155 	1.8 	1.8 	0 	
200.052 	-0.000167071 	1.8 	1.8 	0 	
200.105 	-0.000161044 	1.8 	1.8 	0 	
200.21 	-0.000149627 	1.8 	1.8 	0 	
200.321 	-0.00013837 	1.8 	1.8 	0 	
200.443 	-0.000127063 	1.8 	1.8 	0 	
200.524 	-0.000120001 	1.8 	1.8 	0 	
200.6 	-0.000113767 	1.8 	1.8 	0 	
200.681 	-0.000107458 	1.8 	1.8 	0 	
200.765 	-0.000101337 	1.8 	1.8 	0 	
200.858 	-9.4919e-05 	1.8 	1.8 	0 	
201.044 	-8.32599e-05 	1.8 	1.8 	0 	
201.291 	-6.99261e-05 	1.8 	1.8 	0 	
201.77 	-4.96853e-05 	1.8 	1.8 	0 	
202.641 	-2.61818e-05 	1.8 	1.8 	0 	
203.405 	-1.48414e-05 	1.8 	1.8 	0 	
203.987 	-0.000147657 	1.8 	1.8 	0 	
204.382 	-0.000487808 	1.8 	1.8 	0 	
204.735 	-0.00069801 	1.8 	1.8 	0 	
204.981 	-0.000879521 	1.8 	1.8 	0 	
205.244 	-0.000950743 	1.8 	1.8 	0 	
205.513 	-0.00089643 	1.8 	1.8 	0 	
205.84 	0.000292114 	1.8 	1.8 	0 	
206.34 	0.00995327 	1.8 	1.8 	0 	
206.801 	0.0354986 	1.8 	1.8 	0 	
207.486 	0.121163 	1.8 	1.8 	0 	
208 	0.228435 	1.8 	1.8 	0 	
208 	0.228435 	1.8 	1.8 	0 	
208 	0.228436 	1.8 	1.8 	0 	
208 	0.228437 	1.8 	1.8 	0 	
208 	0.228437 	1.8 	1.8 	0 	
208 	0.228438 	1.8 	1.8 	0 	
208 	0.228438 	1.8 	1.8 	0 	
208 	0.228439 	1.8 	1.8 	0 	
208 	0.22844 	1.8 	1.8 	0 	
208 	0.228443 	1.8 	1.8 	0 	
208 	0.22845 	1.8 	1.8 	0 	
208 	0.228462 	1.8 	1.8 	0 	
208 	0.228487 	1.8 	1.8 	0 	
208 	0.228536 	1.8 	1.8 	0 	
208.001 	0.228636 	1.8 	1.8 	0 	
208.002 	0.228835 	1.8 	1.8 	0 	
208.003 	0.229234 	1.8 	1.8 	0 	
208.007 	0.230034 	1.8 	1.8 	0 	
208.013 	0.231644 	1.8 	1.8 	0 	
208.026 	0.234885 	1.8 	1.8 	0 	
208.052 	0.241438 	1.8 	1.8 	0 	
208.105 	0.254811 	1.8 	1.8 	0 	
208.21 	0.282608 	1.8 	1.8 	0 	
208.419 	0.342211 	1.8 	1.8 	0 	
208.839 	0.475649 	1.8 	1.8 	0 	
209.678 	0.784032 	1.8 	1.8 	0 	
210 	0.913791 	1.8 	1.8 	0 	
210 	0.914318 	1.8 	1.8 	0.18 	
210 	0.916316 	1.8 	1.8 	0.54 	
210 	0.920722 	1.8 	1.8 	1.18065 	
210 	0.9212 	1.8 	1.8 	1.25807 	
210 	0.922157 	1.8 	1.8 	1.4129 	
210 	0.923736 	1.8 	1.8 	1.72258 	
210 	0.923986 	1.8 	1.8 	1.8 	
210 	0.924007 	1.73806 	1.73806 	1.8 	
210 	0.923966 	1.61419 	1.61419 	1.8 	
210 	0.923808 	1.36645 	1.36645 	1.8 	
210 	0.923536 	0.870969 	0.870969 	1.8 	
210 	0.923221 	0.353199 	0.353199 	1.8 	
210 	0.923039 	0 	0 	1.8 	
210 	0.922988 	0 	0 	1.8 	
210 	0.922894 	0 	0 	1.8 	
210 	0.922724 	0 	0 	1.8 	
210 	0.922469 	0 	0 	1.8 	
210 	0.922214 	0 	0 	1.8 	
210 	0.921766 	0 	0 	1.8 	
210 	0.921061 	0 	0 	1.8 	
210 	0.920105 	0 	0 	1.8 	
210 	0.919234 	0 	0 	1.8 	
210 	0.918469 	0 	0 	1.8 	
210 	0.918105 	0 	0 	1.8 	
210.001 	0.918014 	0 	0 	1.8 	
210.001 	0.918098 	0 	0 	1.8 	
210.002 	0.91832 	0 	0 	1.8 	
210.003 	0.918717 	0 	0 	1.8 	
210.005 	0.919551 	0 	0 	1.8 	
210.01 	0.9213 	0 	0 	1.8 	
210.02 	0.924898 	0 	0 	1.8 	
210.038 	0.931914 	0 	0 	1.8 	
210.069 	0.943855 	0 	0 	1.8 	
210.128 	0.966777 	0 	0 	1.8 	
210.212 	1.00081 	0 	0 	1.8 	
210.336 	1.052 	0 	0 	1.8 	
210.544 	1.13706 	0 	0 	1.8 	
210.752 	1.2202 	0 	0 	1.8 	
210.931 	1.28867 	0 	0 	1.8 	
211.113 	1.35401 	0 	0 	1.8 	
211.319 	1.42193 	0 	0 	1.8 	
211.534 	1.48462 	0 	0 	1.8 	
211.903 	1.57371 	0 	0 	1.8 	
212.385 	1.6579 	0 	0 	1.8 	
213.016 	1.72596 	0 	0 	1.8 	
213.679 	1.76376 	0 	0 	1.8 	
214.5 	1.78564 	0 	0 	1.8 	
215.431 	1.79515 	0 	0 	1.8 	
216 	1.79742 	0 	0 	1.8 	
216 	1.79742 	0 	0 	1.8 	
216 	1.79742 	0 	0 	1.8 	
216 	1.79742 	0 	0 	1.8 	
216 	1.79742 	0 	0 	1.8 	
216 	1.79742 	0 	0 	1.8 	
216 	1.79742 	0 	0 	1.8 	
216 	1.79742 	0 	0 	1.8 	
216 	1.79742 	0 	0 	1.8 	
216 	1.79742 	0 	0 	1.8 	
216 	1.79742 	0 	0 	1.8 	
216 	1.79742 	0 	0 	1.8 	
216 	1.79742 	0 	0 	1.8 	
216 	1.79742 	0 	0 	1.8 	
216.001 	1.79742 	0 	0 	1.8 	
216.002 	1.79742 	0 	0 	1.8 	
216.003 	1.79743 	0 	0 	1.8 	
216.007 	1.79744 	0 	0 	1.8 	
216.013 	1.79745 	0 	0 	1.8 	
216.026 	1.79749 	0 	0 	1.8 	
216.052 	1.79756 	0 	0 	1.8 	
216.105 	1.79769 	0 	0 	1.8 	
216.21 	1.79794 	0 	0 	1.8 	
216.419 	1.79835 	0 	0 	1.8 	
216.839 	1.79896 	0 	0 	1.8 	
217.678 	1.7996 	0 	0 	1.8 	
218.678 	1.79988 	0 	0 	1.8 	
219.678 	1.79996 	0 	0 	1.8 	
220.678 	1.79999 	0 	0 	1.8 	
221.678 	1.8 	0 	0 	1.8 	
222.678 	1.8 	0 	0 	1.8 	
223.678 	1.8 	0 	0 	1.8 	
224 	1.8 	0 	0 	1.8 	
224 	1.8 	0 	0 	1.8 	
224 	1.8 	0 	0 	1.8 	
224 	1.8 	0 	0 	1.8 	
224 	1.8 	0 	0 	1.8 	
224 	1.8 	0 	0 	1.8 	
224 	1.8 	0 	0 	1.8 	
224 	1.8 	0 	0 	1.8 	
224 	1.8 	0 	0 	1.8 	
224 	1.8 	0 	0 	1.8 	
224 	1.8 	0 	0 	1.8 	
224 	1.8 	0 	0 	1.8 	
224 	1.8 	0 	0 	1.8 	
224 	1.8 	0 	0 	1.8 	
224.001 	1.8 	0 	0 	1.8 	
224.002 	1.8 	0 	0 	1.8 	
224.003 	1.8 	0 	0 	1.8 	
224.007 	1.8 	0 	0 	1.8 	
224.013 	1.8 	0 	0 	1.8 	
224.026 	1.8 	0 	0 	1.8 	
224.052 	1.8 	0 	0 	1.8 	
224.105 	1.8 	0 	0 	1.8 	
224.21 	1.8 	0 	0 	1.8 	
224.419 	1.8 	0 	0 	1.8 	
224.839 	1.8 	0 	0 	1.8 	
225 	1.8 	0 	0 	1.8 	
225 	1.8 	0.18 	0 	1.8 	
225 	1.8 	0.54 	0 	1.8 	
225 	1.8 	0.976426 	0 	1.8 	
225 	1.8 	1.39125 	0 	1.8 	
225 	1.8 	1.8 	0 	1.8 	
225 	1.8 	1.8 	0 	1.8 	
225 	1.8 	1.8 	0 	1.8 	
225 	1.8 	1.8 	0 	1.8 	
225 	1.8 	1.8 	0 	1.8 	
225 	1.8 	1.8 	0 	1.8 	
225 	1.8 	1.8 	0 	1.8 	
225 	1.8 	1.8 	0 	1.8 	
225 	1.8 	1.8 	0 	1.8 	
225 	1.8 	1.8 	0 	1.8 	
225 	1.8 	1.8 	0 	1.8 	
225 	1.8 	1.8 	0 	1.8 	
225 	1.8 	1.8 	0 	1.8 	
225.001 	1.8 	1.8 	0 	1.8 	
225.001 	1.8 	1.8 	0 	1.8 	
225.002 	1.8 	1.8 	0 	1.8 	
225.003 	1.8 	1.8 	0 	1.8 	
225.006 	1.8 	1.8 	0 	1.8 	
225.011 	1.8 	1.8 	0 	1.8 	
225.021 	1.8 	1.8 	0 	1.8 	
225.042 	1.8 	1.8 	0 	1.8 	
225.084 	1.8 	1.8 	0 	1.8 	
225.153 	1.8 	1.8 	0 	1.8 	
225.226 	1.8 	1.8 	0 	1.8 	
225.312 	1.8 	1.8 	0 	1.8 	
225.41 	1.8 	1.8 	0 	1.8 	
225.491 	1.8 	1.8 	0 	1.8 	
225.577 	1.8 	1.8 	0 	1.8 	
225.654 	1.8 	1.8 	0 	1.8 	
225.715 	1.80001 	1.8 	0 	1.8 	
225.781 	1.80002 	1.8 	0 	1.8 	
225.855 	1.79999 	1.8 	0 	1.8 	
225.915 	1.79981 	1.8 	0 	1.8 	
225.972 	1.79962 	1.8 	0 	1.8 	
226.031 	1.79959 	1.8 	0 	1.8 	
226.104 	1.79962 	1.8 	0 	1.8 	
226.183 	1.79964 	1.8 	0 	1.8 	
226.298 	1.79968 	1.8 	0 	1.8 	
226.527 	1.79974 	1.8 	0 	1.8 	
226.987 	1.79983 	1.8 	0 	1.8 	
227.899 	1.79993 	1.8 	0 	1.8 	
228.899 	1.79997 	1.8 	0 	1.8 	
229.899 	1.79999 	1.8 	0 	1.8 	
230.845 	1.79999 	1.8 	0 	1.8 	
231.503 	1.79999 	1.8 	0 	1.8 	
232 	1.8 	1.8 	0 	1.8 	
232 	1.8 	1.8 	0 	1.8 	
232 	1.8 	1.8 	0 	1.8 	
232 	1.8 	1.8 	0 	1.8 	
232 	1.8 	1.8 	0 	1.8 	
232 	1.8 	1.8 	0 	1.8 	
232 	1.8 	1.8 	0 	1.8 	
232 	1.8 	1.8 	0 	1.8 	
232 	1.8 	1.8 	0 	1.8 	
232 	1.8 	1.8 	0 	1.8 	
232 	1.8 	1.8 	0 	1.8 	
232 	1.8 	1.8 	0 	1.8 	
232 	1.8 	1.8 	0 	1.8 	
232 	1.8 	1.8 	0 	1.8 	
232.001 	1.8 	1.8 	0 	1.8 	
232.002 	1.8 	1.8 	0 	1.8 	
232.003 	1.79999 	1.8 	0 	1.8 	
232.007 	1.79999 	1.8 	0 	1.8 	
232.013 	1.79999 	1.8 	0 	1.8 	
232.026 	1.79999 	1.8 	0 	1.8 	
232.052 	1.79999 	1.8 	0 	1.8 	
232.105 	1.79999 	1.8 	0 	1.8 	
232.21 	1.79999 	1.8 	0 	1.8 	
232.419 	1.8 	1.8 	0 	1.8 	
232.565 	1.8 	1.8 	0 	1.8 	
232.732 	1.8 	1.8 	0 	1.8 	
232.905 	1.8 	1.8 	0 	1.8 	
233.121 	1.8 	1.8 	0 	1.8 	
233.324 	1.8 	1.8 	0 	1.8 	
233.531 	1.8 	1.8 	0 	1.8 	
233.668 	1.79968 	1.8 	0 	1.8 	
233.796 	1.8024 	1.8 	0 	1.8 	
233.907 	1.78603 	1.8 	0 	1.8 	
234.018 	1.75131 	1.8 	0 	1.8 	
234.127 	1.71787 	1.8 	0 	1.8 	
234.244 	1.68139 	1.8 	0 	1.8 	
234.476 	1.60963 	1.8 	0 	1.8 	
234.79 	1.51227 	1.8 	0 	1.8 	
235.333 	1.34593 	1.8 	0 	1.8 	
236.274 	1.06162 	1.8 	0 	1.8 	
237.15 	0.810633 	1.8 	0 	1.8 	
237.968 	0.584936 	1.8 	0 	1.8 	
238.868 	0.378388 	1.8 	0 	1.8 	
239.365 	0.289308 	1.8 	0 	1.8 	
239.924 	0.203076 	1.8 	0 	1.8 	
240 	0.192522 	1.8 	0 	1.8 	
240 	0.19239 	1.62 	0 	1.62 	
240 	0.191997 	1.26 	0 	1.26 	
240 	0.190239 	0.698861 	0 	0.698861 	
240 	0.188954 	0.158813 	0 	0.158813 	
240 	0.188916 	8.35976e-09 	0 	6.57305e-09 	
240 	0.188917 	0 	0 	0 	
240 	0.188929 	0 	0 	0 	
240 	0.188959 	0 	0 	0 	
240 	0.18901 	0 	0 	0 	
240 	0.189053 	0 	0 	0 	
240 	0.189123 	0 	0 	0 	
240 	0.189238 	0 	0 	0 	
240 	0.189435 	0 	0 	0 	
240 	0.189704 	0 	0 	0 	
240 	0.189893 	0 	0 	0 	
240 	0.190031 	0 	0 	0 	
240.001 	0.190055 	0 	0 	0 	
240.001 	0.19003 	0 	0 	0 	
240.001 	0.18998 	0 	0 	0 	
240.002 	0.189887 	0 	0 	0 	
240.005 	0.189693 	0 	0 	0 	
240.009 	0.189306 	0 	0 	0 	
240.018 	0.188486 	0 	0 	0 	
240.035 	0.186683 	0 	0 	0 	
240.07 	0.182542 	0 	0 	0 	
240.139 	0.173417 	0 	0 	0 	
240.215 	0.163304 	0 	0 	0 	
240.344 	0.146665 	0 	0 	0 	
240.579 	0.118787 	0 	0 	0 	
241.049 	0.0738019 	0 	0 	0 	
241.988 	0.0229226 	0 	0 	0 	
242.988 	0.00525973 	0 	0 	0 	
243.988 	0.0011277 	0 	0 	0 	
244.988 	0.000249817 	0 	0 	0 	
245 	0.000242534 	0 	0 	0 	
245 	0.0002434 	0 	0 	0 	
245 	0.000243849 	0 	0 	0 	
245 	0.000243668 	0 	0 	0 	
245 	0.000243799 	0 	0 	0 	
245 	0.000243774 	0 	0 	0 	
245 	0.000243767 	0 	0 	0 	
245 	0.000243792 	0 	0 	0 	
245 	0.000243825 	0 	0 	0 	
245 	0.000243892 	0 	0 	0 	
245 	0.000243976 	0 	0 	0 	
245 	0.00024406 	0 	0 	0 	
245 	0.00024408 	0 	0 	0 	
245 	0.000244027 	0 	0 	0 	
245.001 	0.000243903 	0 	0 	0 	
245.002 	0.000243662 	0 	0 	0 	
245.003 	0.00024317 	0 	0 	0 	
245.007 	0.000242192 	0 	0 	0 	
245.013 	0.00024023 	0 	0 	0 	
245.026 	0.000236349 	0 	0 	0 	
245.052 	0.000228742 	0 	0 	0 	
245.105 	0.000214226 	0 	0 	0 	
245.21 	0.000187866 	0 	0 	0 	
245.419 	0.00014443 	0 	0 	0 	
245.839 	8.48112e-05 	0 	0 	0 	
246.678 	2.72886e-05 	0 	0 	0 	
247.678 	6.9688e-06 	0 	0 	0 	
248 	4.77428e-06 	0 	0 	0 	
248 	4.77288e-06 	0 	0 	0 	
248 	4.7723e-06 	0 	0 	0 	
248 	4.77251e-06 	0 	0 	0 	
248 	4.7723e-06 	0 	0 	0 	
248 	4.77234e-06 	0 	0 	0 	
248 	4.77235e-06 	0 	0 	0 	
248 	4.7723e-06 	0 	0 	0 	
248 	4.77224e-06 	0 	0 	0 	
248 	4.77211e-06 	0 	0 	0 	
248 	4.7719e-06 	0 	0 	0 	
248 	4.77153e-06 	0 	0 	0 	
248 	4.7709e-06 	0 	0 	0 	
248 	4.76974e-06 	0 	0 	0 	
248.001 	4.76748e-06 	0 	0 	0 	
248.002 	4.76293e-06 	0 	0 	0 	
248.003 	4.75386e-06 	0 	0 	0 	
248.007 	4.73575e-06 	0 	0 	0 	
248.013 	4.69978e-06 	0 	0 	0 	
248.026 	4.62864e-06 	0 	0 	0 	
248.052 	4.4896e-06 	0 	0 	0 	
248.105 	4.22396e-06 	0 	0 	0 	
248.21 	3.73909e-06 	0 	0 	0 	
248.419 	2.92916e-06 	0 	0 	0 	
248.839 	1.78886e-06 	0 	0 	0 	
249.678 	6.30623e-07 	0 	0 	0 	
250.678 	1.78181e-07 	0 	0 	0 	
251.678 	5.2904e-08 	0 	0 	0 	
252.678 	1.71568e-08 	0 	0 	0 	
253.678 	6.7336e-09 	0 	0 	0 	
254.678 	3.66716e-09 	0 	0 	0 	
255 	3.27137e-09 	0 	0 	0 	
255 	2.72889e-06 	0.18 	0 	0 	
255 	9.89492e-06 	0.54 	0 	0 	
255 	1.87491e-05 	0.976488 	0 	0 	
255 	2.45155e-05 	1.39128 	0 	0 	
255 	2.86542e-05 	1.8 	0 	0 	
255 	2.88106e-05 	1.8 	0 	0 	
255 	2.8894e-05 	1.8 	0 	0 	
255 	2.83364e-05 	1.8 	0 	0 	
255 	2.66206e-05 	1.8 	0 	0 	
255 	2.45715e-05 	1.8 	0 	0 	
255 	2.12889e-05 	1.8 	0 	0 	
255 	1.65615e-05 	1.8 	0 	0 	
255 	1.07049e-05 	1.8 	0 	0 	
255 	4.67684e-06 	1.8 	0 	0 	
255 	1.456e-06 	1.8 	0 	0 	
255 	1.82128e-06 	1.8 	0 	0 	
255 	1.89723e-06 	1.8 	0 	0 	
255.001 	1.90993e-06 	1.8 	0 	0 	
255.001 	1.84834e-06 	1.8 	0 	0 	
255.002 	1.61852e-06 	1.8 	0 	0 	
255.003 	1.25936e-06 	1.8 	0 	0 	
255.006 	6.1208e-07 	1.8 	0 	0 	
255.011 	-1.88944e-07 	1.8 	0 	0 	
255.021 	-7.11573e-07 	1.8 	0 	0 	
255.042 	-5.78675e-07 	1.8 	0 	0 	
255.084 	-9.26904e-08 	1.8 	0 	0 	
255.153 	1.71797e-06 	1.8 	0 	0 	
255.226 	7.2395e-07 	1.8 	0 	0 	
255.312 	-1.44116e-06 	1.8 	0 	0 	
255.452 	-1.55833e-06 	1.8 	0 	0 	
255.57 	-1.32944e-05 	1.8 	0 	0 	
255.694 	0.000165045 	1.8 	0 	0 	
255.834 	-0.000456213 	1.8 	0 	0 	
255.91 	-0.0025549 	1.8 	0 	0 	
256 	-0.00298074 	1.8 	0 	0 	
256 	-0.00298074 	1.8 	0 	0 	
256 	-0.00298073 	1.8 	0 	0 	
256 	-0.00298071 	1.8 	0 	0 	
256 	-0.0029807 	1.8 	0 	0 	
256 	-0.0029807 	1.8 	0 	0 	
256 	-0.00298069 	1.8 	0 	0 	
256 	-0.00298068 	1.8 	0 	0 	
256 	-0.00298066 	1.8 	0 	0 	
256 	-0.00298061 	1.8 	0 	0 	
256 	-0.00298052 	1.8 	0 	0 	
256 	-0.00298038 	1.8 	0 	0 	
256 	-0.00298012 	1.8 	0 	0 	
256 	-0.00297968 	1.8 	0 	0 	
256.001 	-0.00297887 	1.8 	0 	0 	
256.002 	-0.00297727 	1.8 	0 	0 	
256.003 	-0.00297405 	1.8 	0 	0 	
256.007 	-0.0029676 	1.8 	0 	0 	
256.013 	-0.00295462 	1.8 	0 	0 	
256.026 	-0.00292854 	1.8 	0 	0 	
256.052 	-0.00287638 	1.8 	0 	0 	
256.105 	-0.00277378 	1.8 	0 	0 	
256.21 	-0.00257846 	1.8 	0 	0 	
256.419 	-0.0022274 	1.8 	0 	0 	
256.839 	-0.00165949 	1.8 	0 	0 	
257.66 	-0.000921019 	1.8 	0 	0 	
258.66 	-0.000444807 	1.8 	0 	0 	
259.66 	-0.000214591 	1.8 	0 	0 	
260.66 	-0.000103299 	1.8 	0 	0 	
261.66 	-4.9514e-05 	1.8 	0 	0 	
262.66 	-2.35185e-05 	1.8 	0 	0 	
263.466 	-1.28614e-05 	1.8 	0 	0 	
264 	0.00208329 	1.8 	0 	0 	
264 	0.0020833 	1.8 	0 	0 	
264 	0.00208332 	1.8 	0 	0 	
264 	0.00208336 	1.8 	0 	0 	
264 	0.00208339 	1.8 	0 	0 	
264 	0.00208339 	1.8 	0 	0 	
264 	0.00208341 	1.8 	0 	0 	
264 	0.00208344 	1.8 	0 	0 	
264 	0.0020835 	1.8 	0 	0 	
264 	0.00208361 	1.8 	0 	0 	
264 	0.00208383 	1.8 	0 	0 	
264 	0.00208424 	1.8 	0 	0 	
264 	0.002085 	1.8 	0 	0 	
264 	0.00208646 	1.8 	0 	0 	
264.001 	0.00208932 	1.8 	0 	0 	
264.002 	0.00209499 	1.8 	0 	0 	
264.003 	0.00210626 	1.8 	0 	0 	
264.007 	0.00212845 	1.8 	0 	0 	
264.013 	0.00217116 	1.8 	0 	0 	
264.026 	0.00224748 	1.8 	0 	0 	
264.052 	0.00235685 	1.8 	0 	0 	
264.105 	0.00243256 	1.8 	0 	0 	
264.21 	0.00232921 	1.8 	0 	0 	
264.318 	0.00213502 	1.8 	0 	0 	
264.484 	0.00184763 	1.8 	0 	0 	
264.763 	0.00142381 	1.8 	0 	0 	
265.321 	0.000830329 	1.8 	0 	0 	
266.321 	0.00032659 	1.8 	0 	0 	
267.321 	0.000169546 	1.8 	0 	0 	
268.321 	0.000110853 	1.8 	0 	0 	
269.321 	8.33349e-05 	1.8 	0 	0 	
270 	7.13376e-05 	1.8 	0 	0 	
270 	0.000742343 	1.8 	0.18 	0.18 	
270 	0.00259952 	1.8 	0.54 	0.54 	
270 	0.00640429 	1.8 	1.17676 	1.17676 	
270 	0.00909145 	1.8 	1.8 	1.8 	
270 	0.00914787 	1.73411 	1.8 	1.8 	
270 	0.00915475 	1.60233 	1.8 	1.8 	
270 	0.00902304 	1.33876 	1.8 	1.8 	
270 	0.00880001 	0.867172 	1.8 	1.8 	
270 	0.00853901 	0.338649 	1.8 	1.8 	
270 	0.0083853 	3.5952e-09 	1.8 	1.8 	
270 	0.00833692 	0 	1.8 	1.8 	
270 	0.00825011 	0 	1.8 	1.8 	
270 	0.00809811 	0 	1.8 	1.8 	
270 	0.00788 	0 	1.8 	1.8 	
270 	0.00766165 	0 	1.8 	1.8 	
270 	0.00728706 	0 	1.8 	1.8 	
270 	0.00671117 	0 	1.8 	1.8 	
270 	0.00595109 	0 	1.8 	1.8 	
270 	0.00514663 	0 	1.8 	1.8 	
270 	0.00465862 	0 	1.8 	1.8 	
270 	0.00436478 	0 	1.8 	1.8 	
270.001 	0.00416172 	0 	1.8 	1.8 	
270.001 	0.00408947 	0 	1.8 	1.8 	
270.002 	0.00402197 	0 	1.8 	1.8 	
270.003 	0.00391605 	0 	1.8 	1.8 	
270.005 	0.00371237 	0 	1.8 	1.8 	
270.009 	0.00333578 	0 	1.8 	1.8 	
270.018 	0.00268882 	0 	1.8 	1.8 	
270.036 	0.00174997 	0 	1.8 	1.8 	
270.064 	0.000869198 	0 	1.8 	1.8 	
270.113 	0.000266732 	0 	1.8 	1.8 	
270.169 	0.000115323 	0 	1.8 	1.8 	
270.229 	8.45295e-05 	0 	1.8 	1.8 	
270.294 	7.88874e-05 	0 	1.8 	1.8 	
270.355 	7.75055e-05 	0 	1.8 	1.8 	
270.431 	7.64785e-05 	0 	1.8 	1.8 	
270.544 	7.48626e-05 	0 	1.8 	1.8 	
270.655 	7.33426e-05 	0 	1.8 	1.8 	
270.878 	7.00129e-05 	0 	1.8 	1.8 	
271.322 	6.38566e-05 	0 	1.8 	1.8 	
272 	5.58159e-05 	0 	1.8 	1.8 	
272 	5.58118e-05 	0 	1.8 	1.8 	
272 	5.58737e-05 	0 	1.8 	1.8 	
272 	5.58385e-05 	0 	1.8 	1.8 	
272 	5.58333e-05 	0 	1.8 	1.8 	
272 	5.5834e-05 	0 	1.8 	1.8 	
272 	5.58286e-05 	0 	1.8 	1.8 	
272 	5.58228e-05 	0 	1.8 	1.8 	
272 	5.58165e-05 	0 	1.8 	1.8 	
272 	5.58125e-05 	0 	1.8 	1.8 	
272 	5.58187e-05 	0 	1.8 	1.8 	
272 	5.58317e-05 	0 	1.8 	1.8 	
272 	5.58436e-05 	0 	1.8 	1.8 	
272 	5.58455e-05 	0 	1.8 	1.8 	
272.001 	5.58406e-05 	0 	1.8 	1.8 	
272.002 	5.58318e-05 	0 	1.8 	1.8 	
272.003 	5.58156e-05 	0 	1.8 	1.8 	
272.007 	5.57818e-05 	0 	1.8 	1.8 	
272.013 	5.57157e-05 	0 	1.8 	1.8 	
272.026 	5.55824e-05 	0 	1.8 	1.8 	
272.052 	5.53187e-05 	0 	1.8 	1.8 	
272.105 	5.47977e-05 	0 	1.8 	1.8 	
272.21 	5.37887e-05 	0 	1.8 	1.8 	
272.419 	5.1886e-05 	0 	1.8 	1.8 	
272.839 	4.84924e-05 	0 	1.8 	1.8 	
273.678 	4.29746e-05 	0 	1.8 	1.8 	
274.678 	3.79698e-05 	0 	1.8 	1.8 	
275.678 	3.40706e-05 	0 	1.8 	1.8 	
276.678 	3.09126e-05 	0 	1.8 	1.8 	
277.678 	2.82884e-05 	0 	1.8 	1.8 	
278.678 	2.60697e-05 	0 	1.8 	1.8 	
279.678 	2.4166e-05 	0 	1.8 	1.8 	
280 	2.36105e-05 	0 	1.8 	1.8 	
280 	2.36103e-05 	0 	1.8 	1.8 	
280 	2.36103e-05 	0 	1.8 	1.8 	
280 	2.36103e-05 	0 	1.8 	1.8 	
280 	2.36103e-05 	0 	1.8 	1.8 	
280 	2.36103e-05 	0 	1.8 	1.8 	
280 	2.36103e-05 	0 	1.8 	1.8 	
280 	2.36103e-05 	0 	1.8 	1.8 	
280 	2.36103e-05 	0 	1.8 	1.8 	
280 	2.36102e-05 	0 	1.8 	1.8 	
280 	2.36102e-05 	0 	1.8 	1.8 	
280 	2.36101e-05 	0 	1.8 	1.8 	
280 	2.361e-05 	0 	1.8 	1.8 	
280 	2.36096e-05 	0 	1.8 	1.8 	
280.001 	2.36089e-05 	0 	1.8 	1.8 	
280.002 	2.36075e-05 	0 	1.8 	1.8 	
280.003 	2.36048e-05 	0 	1.8 	1.8 	
280.007 	2.35993e-05 	0 	1.8 	1.8 	
280.013 	2.35882e-05 	0 	1.8 	1.8 	
280.026 	2.35662e-05 	0 	1.8 	1.8 	
280.052 	2.35222e-05 	0 	1.8 	1.8 	
280.105 	2.34347e-05 	0 	1.8 	1.8 	
280.21 	2.32616e-05 	0 	1.8 	1.8 	
280.419 	2.29225e-05 	0 	1.8 	1.8 	
280.839 	2.22719e-05 	0 	1.8 	1.8 	
281.678 	2.10709e-05 	0 	1.8 	1.8 	
282.678 	1.97927e-05 	0 	1.8 	1.8 	
283.678 	1.86561e-05 	0 	1.8 	1.8 	
284.678 	1.76385e-05 	0 	1.8 	1.8 	
285 	1.73332e-05 	0 	1.8 	1.8 	
285 	2.12963e-05 	0.18 	1.8 	1.8 	
285 	3.20093e-05 	0.54 	1.8 	1.8 	
285 	4.5432e-05 	0.976442 	1.8 	1.8 	
285 	5.3952e-05 	1.39126 	1.8 	1.8 	
285 	5.98717e-05 	1.8 	1.8 	1.8 	
285 	6.0107e-05 	1.8 	1.8 	1.8 	
285 	6.02166e-05 	1.8 	1.8 	1.8 	
285 	5.9231e-05 	1.8 	1.8 	1.8 	
285 	5.62233e-05 	1.8 	1.8 	1.8 	
285 	5.26629e-05 	1.8 	1.8 	1.8 	
285 	4.70604e-05 	1.8 	1.8 	1.8 	
285 	3.92742e-05 	1.8 	1.8 	1.8 	
285 	3.03289e-05 	1.8 	1.8 	1.8 	
285 	2.22335e-05 	1.8 	1.8 	1.8 	
285 	1.88435e-05 	1.8 	1.8 	1.8 	
285 	1.96196e-05 	1.8 	1.8 	1.8 	
285 	1.96916e-05 	1.8 	1.8 	1.8 	
285.001 	1.97468e-05 	1.8 	1.8 	1.8 	
285.001 	1.96617e-05 	1.8 	1.8 	1.8 	
285.002 	1.94003e-05 	1.8 	1.8 	1.8 	
285.003 	1.89716e-05 	1.8 	1.8 	1.8 	
285.006 	1.82056e-05 	1.8 	1.8 	1.8 	
285.011 	1.71804e-05 	1.8 	1.8 	1.8 	
285.021 	1.64123e-05 	1.8 	1.8 	1.8 	
285.042 	1.64138e-05 	1.8 	1.8 	1.8 	
285.084 	1.69772e-05 	1.8 	1.8 	1.8 	
285.153 	1.97652e-05 	1.8 	1.8 	1.8 	
285.226 	1.87585e-05 	1.8 	1.8 	1.8 	
285.312 	1.49349e-05 	1.8 	1.8 	1.8 	
285.412 	1.51142e-05 	1.8 	1.8 	1.8 	
285.494 	1.126e-05 	1.8 	1.8 	1.8 	
285.581 	7.07913e-06 	1.8 	1.8 	1.8 	
285.652 	9.12493e-05 	1.8 	1.8 	1.8 	
285.703 	0.000211084 	1.8 	1.8 	1.8 	
285.763 	0.000416583 	1.8 	1.8 	1.8 	
285.819 	0.000278814 	1.8 	1.8 	1.8 	
285.879 	-0.00144025 	1.8 	1.8 	1.8 	
285.929 	-0.00288192 	1.8 	1.8 	1.8 	
285.988 	-0.00303132 	1.8 	1.8 	1.8 	
286.058 	-0.00290207 	1.8 	1.8 	1.8 	
286.133 	-0.00275063 	1.8 	1.8 	1.8 	
286.225 	-0.00257796 	1.8 	1.8 	1.8 	
286.28 	-0.00248134 	1.8 	1.8 	1.8 	
286.334 	-0.00238836 	1.8 	1.8 	1.8 	
286.421 	-0.00224866 	1.8 	1.8 	1.8 	
286.502 	-0.00212282 	1.8 	1.8 	1.8 	
286.665 	-0.00189583 	1.8 	1.8 	1.8 	
286.969 	-0.00152929 	1.8 	1.8 	1.8 	
287.425 	-0.00110951 	1.8 	1.8 	1.8 	
288 	-0.000736007 	1.8 	1.8 	1.8 	
288 	-0.000736002 	1.8 	1.8 	1.8 	
288 	-0.000736003 	1.8 	1.8 	1.8 	
288 	-0.000736014 	1.8 	1.8 	1.8 	
288 	-0.000736022 	1.8 	1.8 	1.8 	
288 	-0.000736025 	1.8 	1.8 	1.8 	
288 	-0.00073603 	1.8 	1.8 	1.8 	
288 	-0.00073604 	1.8 	1.8 	1.8 	
288 	-0.000736059 	1.8 	1.8 	1.8 	
288 	-0.000736089 	1.8 	1.8 	1.8 	
288 	-0.000736124 	1.8 	1.8 	1.8 	
288 	-0.000736138 	1.8 	1.8 	1.8 	
288 	-0.000736107 	1.8 	1.8 	1.8 	
288 	-0.000736037 	1.8 	1.8 	1.8 	
288.001 	-0.00073591 	1.8 	1.8 	1.8 	
288.002 	-0.000735629 	1.8 	1.8 	1.8 	
288.003 	-0.00073496 	1.8 	1.8 	1.8 	
288.007 	-0.000733445 	1.8 	1.8 	1.8 	
288.013 	-0.000730165 	1.8 	1.8 	1.8 	
288.026 	-0.000723493 	1.8 	1.8 	1.8 	
288.052 	-0.000710331 	1.8 	1.8 	1.8 	
288.105 	-0.000684721 	1.8 	1.8 	1.8 	
288.21 	-0.000636213 	1.8 	1.8 	1.8 	
288.419 	-0.000549152 	1.8 	1.8 	1.8 	
288.839 	-0.000408435 	1.8 	1.8 	1.8 	
289.539 	-0.000247412 	1.8 	1.8 	1.8 	
289.624 	-0.000233436 	1.8 	1.8 	1.8 	
289.795 	-0.000207055 	1.8 	1.8 	1.8 	
290.015 	-0.000177283 	1.8 	1.8 	1.8 	
290.271 	-0.000147974 	1.8 	1.8 	1.8 	
290.462 	-0.000129321 	1.8 	1.8 	1.8 	
290.621 	-0.000115568 	1.8 	1.8 	1.8 	
290.746 	-0.000105756 	1.8 	1.8 	1.8 	
290.879 	-9.62702e-05 	1.8 	1.8 	1.8 	
291.018 	-8.72433e-05 	1.8 	1.8 	1.8 	
291.197 	-7.67982e-05 	1.8 	1.8 	1.8 	
291.419 	-6.55481e-05 	1.8 	1.8 	1.8 	
291.721 	-5.27769e-05 	1.8 	1.8 	1.8 	
292.146 	-3.88067e-05 	1.8 	1.8 	1.8 	
292.755 	-2.47196e-05 	1.8 	1.8 	1.8 	
293.287 	-1.6649e-05 	1.8 	1.8 	1.8 	
293.69 	1.2867e-05 	1.8 	1.8 	1.8 	
293.983 	-0.00015103 	1.8 	1.8 	1.8 	
294.187 	-0.000306219 	1.8 	1.8 	1.8 	
294.407 	-0.000502997 	1.8 	1.8 	1.8 	
294.608 	-0.000628332 	1.8 	1.8 	1.8 	
294.819 	-0.000782713 	1.8 	1.8 	1.8 	
295.105 	-0.000921856 	1.8 	1.8 	1.8 	
295.445 	-0.000946305 	1.8 	1.8 	1.8 	
295.962 	0.0017108 	1.8 	1.8 	1.8 	
296 	0.00209874 	1.8 	1.8 	1.8 	
296 	0.00209875 	1.8 	1.8 	1.8 	
296 	0.00209879 	1.8 	1.8 	1.8 	
296 	0.00209885 	1.8 	1.8 	1.8 	
296 	0.0020989 	1.8 	1.8 	1.8 	
296 	0.00209891 	1.8 	1.8 	1.8 	
296 	0.00209894 	1.8 	1.8 	1.8 	
296 	0.00209899 	1.8 	1.8 	1.8 	
296 	0.00209908 	1.8 	1.8 	1.8 	
296 	0.00209926 	1.8 	1.8 	1.8 	
296 	0.0020996 	1.8 	1.8 	1.8 	
296 	0.00210024 	1.8 	1.8 	1.8 	
296 	0.0021015 	1.8 	1.8 	1.8 	
296 	0.00210399 	1.8 	1.8 	1.8 	
296.001 	0.00210893 	1.8 	1.8 	1.8 	
296.002 	0.00211878 	1.8 	1.8 	1.8 	
296.003 	0.00213838 	1.8 	1.8 	1.8 	
296.007 	0.0021774 	1.8 	1.8 	1.8 	
296.013 	0.00225569 	1.8 	1.8 	1.8 	
296.026 	0.00241652 	1.8 	1.8 	1.8 	
296.052 	0.00276144 	1.8 	1.8 	1.8 	
296.105 	0.00355465 	1.8 	1.8 	1.8 	
296.21 	0.00561098 	1.8 	1.8 	1.8 	
296.419 	0.012034 	1.8 	1.8 	1.8 	
296.839 	0.0371886 	1.8 	1.8 	1.8 	
297.525 	0.125692 	1.8 	1.8 	1.8 	
298.402 	0.331834 	1.8 	1.8 	1.8 	
299.331 	0.642345 	1.8 	1.8 	1.8 	
300 	0.904013 	1.8 	1.8 	1.8 	
300 	0.903966 	1.62 	1.62 	1.62 	
300 	0.903862 	1.26 	1.26 	1.26 	
300 	0.903657 	0.701677 	0.701677 	0.701677 	
300 	0.903475 	0.160994 	0.160994 	0.160994 	
300 	0.903423 	1.31243e-08 	1.13376e-08 	1.80849e-09 	
300 	0.903424 	0 	0 	0 	
300 	0.903437 	0 	0 	0 	
300 	0.903461 	0 	0 	0 	
300 	0.903486 	0 	0 	0 	
300 	0.903502 	0 	0 	0 	
300 	0.903519 	0 	0 	0 	
300 	0.903539 	0 	0 	0 	
300 	0.903577 	0 	0 	0 	
300 	0.903661 	0 	0 	0 	
300 	0.903761 	0 	0 	0 	
300 	0.903873 	0 	0 	0 	
300.001 	0.903969 	0 	0 	0 	
300.001 	0.904094 	0 	0 	0 	
300.001 	0.904294 	0 	0 	0 	
300.002 	0.904697 	0 	0 	0 	
300.004 	0.905503 	0 	0 	0 	
300.008 	0.907117 	0 	0 	0 	
300.016 	0.910347 	0 	0 	0 	
300.032 	0.916809 	0 	0 	0 	
300.063 	0.929775 	0 	0 	0 	
300.124 	0.954793 	0 	0 	0 	
300.189 	0.982038 	0 	0 	0 	
300.31 	1.03218 	0 	0 	0 	
300.461 	1.09457 	0 	0 	0 	
300.763 	1.21635 	0 	0 	0 	
301.367 	1.42826 	0 	0 	0 	
302.367 	1.65371 	0 	0 	0 	
303.367 	1.75095 	0 	0 	0 	
304 	1.77536 	0 	0 	0 	
304 	1.77536 	0 	0 	0 	
304 	1.77536 	0 	0 	0 	
304 	1.77536 	0 	0 	0 	
304 	1.77536 	0 	0 	0 	
304 	1.77536 	0 	0 	0 	
304 	1.77536 	0 	0 	0 	
304 	1.77536 	0 	0 	0 	
304 	1.77536 	0 	0 	0 	
304 	1.77536 	0 	0 	0 	
304 	1.77536 	0 	0 	0 	
304 	1.77537 	0 	0 	0 	
304 	1.77537 	0 	0 	0 	
304 	1.77537 	0 	0 	0 	
304.001 	1.77538 	0 	0 	0 	
304.002 	1.77541 	0 	0 	0 	
304.003 	1.77545 	0 	0 	0 	
304.007 	1.77553 	0 	0 	0 	
304.013 	1.7757 	0 	0 	0 	
304.026 	1.77604 	0 	0 	0 	
304.052 	1.77669 	0 	0 	0 	
304.105 	1.77795 	0 	0 	0 	
304.21 	1.78027 	0 	0 	0 	
304.419 	1.78422 	0 	0 	0 	
304.839 	1.78998 	0 	0 	0 	
305.678 	1.79617 	0 	0 	0 	
306.678 	1.79884 	0 	0 	0 	
307.678 	1.79965 	0 	0 	0 	
308.678 	1.79989 	0 	0 	0 	
309.678 	1.79997 	0 	0 	0 	
310.678 	1.79999 	0 	0 	0 	
311.678 	1.8 	0 	0 	0 	
312 	1.8 	0 	0 	0 	
312 	1.8 	0 	0 	0 	
312 	1.8 	0 	0 	0 	
312 	1.8 	0 	0 	0 	
312 	1.8 	0 	0 	0 	
312 	1.8 	0 	0 	0 	
312 	1.8 	0 	0 	0 	
312 	1.8 	0 	0 	0 	
312 	1.8 	0 	0 	0 	
312 	1.8 	0 	0 	0 	
312 	1.8 	0 	0 	0 	
312 	1.8 	0 	0 	0 	
312 	1.8 	0 	0 	0 	
312 	1.8 	0 	0 	0 	
312.001 	1.8 	0 	0 	0 	
312.002 	1.8 	0 	0 	0 	
312.003 	1.8 	0 	0 	0 	
312.007 	1.8 	0 	0 	0 	
312.013 	1.8 	0 	0 	0 	
312.026 	1.8 	0 	0 	0 	
312.052 	1.8 	0 	0 	0 	
312.105 	1.8 	0 	0 	0 	
312.21 	1.8 	0 	0 	0 	
312.419 	1.8 	0 	0 	0 	
312.839 	1.8 	0 	0 	0 	
313.678 	1.8 	0 	0 	0 	
314.678 	1.8 	0 	0 	0 	
315 	1.8 	0 	0 	0 	
315 	1.8 	0.18 	0 	0 	
315 	1.8 	0.54 	0 	0 	
315 	1.8 	0.976401 	0 	0 	
315 	1.8 	1.39126 	0 	0 	
315 	1.8 	1.8 	0 	0 	
315 	1.8 	1.8 	0 	0 	
315 	1.8 	1.8 	0 	0 	
315 	1.8 	1.8 	0 	0 	
315 	1.8 	1.8 	0 	0 	
315 	1.8 	1.8 	0 	0 	
315 	1.8 	1.8 	0 	0 	
315 	1.8 	1.8 	0 	0 	
315 	1.8 	1.8 	0 	0 	
315 	1.8 	1.8 	0 	0 	
315 	1.8 	1.8 	0 	0 	
315 	1.8 	1.8 	0 	0 	
315 	1.8 	1.8 	0 	0 	
315.001 	1.8 	1.8 	0 	0 	
315.001 	1.8 	1.8 	0 	0 	
315.002 	1.8 	1.8 	0 	0 	
315.003 	1.8 	1.8 	0 	0 	
315.006 	1.8 	1.8 	0 	0 	
315.011 	1.8 	1.8 	0 	0 	
315.021 	1.8 	1.8 	0 	0 	
315.042 	1.8 	1.8 	0 	0 	
315.084 	1.8 	1.8 	0 	0 	
315.153 	1.8 	1.8 	0 	0 	
315.226 	1.8 	1.8 	0 	0 	
315.312 	1.8 	1.8 	0 	0 	
315.439 	1.8 	1.8 	0 	0 	
315.552 	1.8 	1.8 	0 	0 	
315.671 	1.8 	1.8 	0 	0 	
315.788 	1.80002 	1.8 	0 	0 	
315.86 	1.79997 	1.8 	0 	0 	
315.948 	1.79971 	1.8 	0 	0 	
316.026 	1.79958 	1.8 	0 	0 	
316.109 	1.79962 	1.8 	0 	0 	
316.195 	1.79965 	1.8 	0 	0 	
316.334 	1.79969 	1.8 	0 	0 	
316.509 	1.79974 	1.8 	0 	0 	
316.859 	1.79981 	1.8 	0 	0 	
317.489 	1.7999 	1.8 	0 	0 	
318.489 	1.79996 	1.8 	0 	0 	
319.489 	1.79998 	1.8 	0 	0 	
320 	1.79999 	1.8 	0 	0 	
320 	1.79999 	1.8 	0 	0 	
320 	1.79999 	1.8 	0 	0 	
320 	1.79999 	1.8 	0 	0 	
320 	1.79999 	1.8 	0 	0 	
320 	1.79999 	1.8 	0 	0 	
320 	1.79999 	1.8 	0 	0 	
320 	1.79999 	1.8 	0 	0 	
320 	1.79999 	1.8 	0 	0 	
320 	1.79999 	1.8 	0 	0 	
320 	1.79999 	1.8 	0 	0 	
320 	1.79999 	1.8 	0 	0 	
320 	1.79999 	1.8 	0 	0 	
320 	1.79999 	1.8 	0 	0 	
320.001 	1.79999 	1.8 	0 	0 	
320.002 	1.79999 	1.8 	0 	0 	
320.003 	1.79999 	1.8 	0 	0 	
320.007 	1.79999 	1.8 	0 	0 	
320.013 	1.79999 	1.8 	0 	0 	
320.026 	1.79999 	1.8 	0 	0 	
320.052 	1.79999 	1.8 	0 	0 	
320.105 	1.79999 	1.8 	0 	0 	
320.21 	1.79999 	1.8 	0 	0 	
320.419 	1.79999 	1.8 	0 	0 	
320.839 	1.79999 	1.8 	0 	0 	
321.678 	1.79999 	1.8 	0 	0 	
322.678 	1.8 	1.8 	0 	0 	
323.678 	1.80005 	1.8 	0 	0 	
324.377 	1.80002 	1.8 	0 	0 	
324.883 	1.80001 	1.8 	0 	0 	
325.292 	1.8 	1.8 	0 	0 	
325.685 	1.8 	1.8 	0 	0 	
326.111 	1.8 	1.8 	0 	0 	
326.579 	1.8 	1.8 	0 	0 	
327.192 	1.8 	1.8 	0 	0 	
328 	1.8 	1.8 	0 	0 	
328 	1.8 	1.8 	0 	0 	
328 	1.8 	1.8 	0 	0 	
328 	1.8 	1.8 	0 	0 	
328 	1.8 	1.8 	0 	0 	
328 	1.8 	1.8 	0 	0 	
328 	1.8 	1.8 	0 	0 	
328 	1.8 	1.8 	0 	0 	
328 	1.8 	1.8 	0 	0 	
328 	1.8 	1.8 	0 	0 	
328 	1.8 	1.8 	0 	0 	
328 	1.8 	1.8 	0 	0 	
328 	1.8 	1.8 	0 	0 	
328 	1.8 	1.8 	0 	0 	
328.001 	1.8 	1.8 	0 	0 	
328.002 	1.8 	1.8 	0 	0 	
328.003 	1.8 	1.8 	0 	0 	
328.007 	1.8 	1.8 	0 	0 	
328.013 	1.8 	1.8 	0 	0 	
328.026 	1.8 	1.8 	0 	0 	
328.052 	1.8 	1.8 	0 	0 	
328.105 	1.8 	1.8 	0 	0 	
328.21 	1.8 	1.8 	0 	0 	
328.419 	1.8 	1.8 	0 	0 	
328.839 	1.8 	1.8 	0 	0 	
329.678 	1.8 	1.8 	0 	0 	
330 	1.8 	1.8 	0 	9.52912e-09 	
330 	1.80011 	1.8 	0 	0.18 	
330 	1.80043 	1.8 	0 	0.54 	
330 	1.80266 	1.8 	0 	1.26 	
330 	1.80301 	1.8 	0 	1.3275 	
330 	1.80374 	1.8 	0 	1.4625 	
330 	1.80525 	1.8 	0 	1.7325 	
330 	1.80562 	1.8 	0 	1.8 	
330 	1.80576 	1.746 	0 	1.8 	
330 	1.80588 	1.638 	0 	1.8 	
330 	1.80574 	1.422 	0 	1.8 	
330 	1.80545 	0.99 	0 	1.8 	
330 	1.80513 	0.478175 	0 	1.8 	
330 	1.80484 	3.5952e-09 	0 	1.8 	
330 	1.80478 	0 	0 	1.8 	
330 	1.80468 	0 	0 	1.8 	
330 	1.80448 	0 	0 	1.8 	
330 	1.80417 	0 	0 	1.8 	
330 	1.80388 	0 	0 	1.8 	
330 	1.80338 	0 	0 	1.8 	
330 	1.80263 	0 	0 	1.8 	
330 	1.80175 	0 	0 	1.8 	
330 	1.80108 	0 	0 	1.8 	
330 	1.80074 	0 	0 	1.8 	
330 	1.80057 	0 	0 	1.8 	
330.001 	1.80049 	0 	0 	1.8 	
330.001 	1.80051 	0 	0 	1.8 	
330.002 	1.80051 	0 	0 	1.8 	
330.003 	1.80048 	0 	0 	1.8 	
330.005 	1.80045 	0 	0 	1.8 	
330.009 	1.8004 	0 	0 	1.8 	
330.017 	1.80032 	0 	0 	1.8 	
330.034 	1.80016 	0 	0 	1.8 	
330.062 	1.79991 	0 	0 	1.8 	
330.113 	1.79957 	0 	0 	1.8 	
330.171 	1.79933 	0 	0 	1.8 	
330.235 	1.79932 	0 	0 	1.8 	
330.285 	1.79938 	0 	0 	1.8 	
330.335 	1.79942 	0 	0 	1.8 	
330.407 	1.79944 	0 	0 	1.8 	
330.483 	1.79947 	0 	0 	1.8 	
330.597 	1.79953 	0 	0 	1.8 	
330.775 	1.79961 	0 	0 	1.8 	
331.132 	1.79974 	0 	0 	1.8 	
331.844 	1.79988 	0 	0 	1.8 	
332.844 	1.79997 	0 	0 	1.8 	
333.844 	1.79999 	0 	0 	1.8 	
334.844 	1.8 	0 	0 	1.8 	
335 	1.8 	0 	0 	1.8 	
335 	1.8 	0 	0 	1.8 	
335 	1.8 	0 	0 	1.8 	
335 	1.8 	0 	0 	1.8 	
335 	1.8 	0 	0 	1.8 	
335 	1.8 	0 	0 	1.8 	
335 	1.8 	0 	0 	1.8 	
335 	1.8 	0 	0 	1.8 	
335 	1.8 	0 	0 	1.8 	
335 	1.8 	0 	0 	1.8 	
335 	1.8 	0 	0 	1.8 	
335 	1.8 	0 	0 	1.8 	
335 	1.8 	0 	0 	1.8 	
335 	1.8 	0 	0 	1.8 	
335.001 	1.8 	0 	0 	1.8 	
335.002 	1.8 	0 	0 	1.8 	
335.003 	1.8 	0 	0 	1.8 	
335.007 	1.8 	0 	0 	1.8 	
335.013 	1.8 	0 	0 	1.8 	
335.026 	1.8 	0 	0 	1.8 	
335.052 	1.8 	0 	0 	1.8 	
335.105 	1.8 	0 	0 	1.8 	
335.21 	1.8 	0 	0 	1.8 	
335.419 	1.8 	0 	0 	1.8 	
335.839 	1.8 	0 	0 	1.8 	
336 	1.8 	0 	0 	1.8 	
336 	1.8 	0 	0 	1.8 	
336 	1.8 	0 	0 	1.8 	
336 	1.8 	0 	0 	1.8 	
336 	1.8 	0 	0 	1.8 	
336 	1.8 	0 	0 	1.8 	
336 	1.8 	0 	0 	1.8 	
336 	1.8 	0 	0 	1.8 	
336 	1.8 	0 	0 	1.8 	
336 	1.8 	0 	0 	1.8 	
336 	1.8 	0 	0 	1.8 	
336 	1.8 	0 	0 	1.8 	
336 	1.8 	0 	0 	1.8 	
336 	1.8 	0 	0 	1.8 	
336.001 	1.8 	0 	0 	1.8 	
336.002 	1.8 	0 	0 	1.8 	
336.003 	1.8 	0 	0 	1.8 	
336.007 	1.8 	0 	0 	1.8 	
336.013 	1.8 	0 	0 	1.8 	
336.026 	1.8 	0 	0 	1.8 	
336.052 	1.8 	0 	0 	1.8 	
336.105 	1.8 	0 	0 	1.8 	
336.21 	1.8 	0 	0 	1.8 	
336.419 	1.8 	0 	0 	1.8 	
336.839 	1.8 	0 	0 	1.8 	
337.678 	1.8 	0 	0 	1.8 	
338.678 	1.8 	0 	0 	1.8 	
339.678 	1.8 	0 	0 	1.8 	
340.678 	1.8 	0 	0 	1.8 	
341.678 	1.8 	0 	0 	1.8 	
342.678 	1.8 	0 	0 	1.8 	
343.678 	1.8 	0 	0 	1.8 	
344 	1.8 	0 	0 	1.8 	
344 	1.8 	0 	0 	1.8 	
344 	1.8 	0 	0 	1.8 	
344 	1.8 	0 	0 	1.8 	
344 	1.8 	0 	0 	1.8 	
344 	1.8 	0 	0 	1.8 	
344 	1.8 	0 	0 	1.8 	
344 	1.8 	0 	0 	1.8 	
344 	1.8 	0 	0 	1.8 	
344 	1.8 	0 	0 	1.8 	
344 	1.8 	0 	0 	1.8 	
344 	1.8 	0 	0 	1.8 	
344 	1.8 	0 	0 	1.8 	
344 	1.8 	0 	0 	1.8 	
344.001 	1.8 	0 	0 	1.8 	
344.002 	1.8 	0 	0 	1.8 	
344.003 	1.8 	0 	0 	1.8 	
344.007 	1.8 	0 	0 	1.8 	
344.013 	1.8 	0 	0 	1.8 	
344.026 	1.8 	0 	0 	1.8 	
344.052 	1.8 	0 	0 	1.8 	
344.105 	1.8 	0 	0 	1.8 	
344.21 	1.8 	0 	0 	1.8 	
344.419 	1.8 	0 	0 	1.8 	
344.839 	1.8 	0 	0 	1.8 	
345 	1.8 	9.52912e-09 	0 	1.8 	
345 	1.8 	0.18 	0 	1.8 	
345 	1.8 	0.54 	0 	1.8 	
345 	1.8 	0.976427 	0 	1.8 	
345 	1.8 	1.39125 	0 	1.8 	
345 	1.8 	1.8 	0 	1.8 	
345 	1.8 	1.8 	0 	1.8 	
345 	1.8 	1.8 	0 	1.8 	
345 	1.8 	1.8 	0 	1.8 	
345 	1.8 	1.8 	0 	1.8 	
345 	1.8 	1.8 	0 	1.8 	
345 	1.8 	1.8 	0 	1.8 	
345 	1.8 	1.8 	0 	1.8 	
345 	1.8 	1.8 	0 	1.8 	
345 	1.8 	1.8 	0 	1.8 	
345 	1.8 	1.8 	0 	1.8 	
345 	1.8 	1.8 	0 	1.8 	
345 	1.8 	1.8 	0 	1.8 	
345.001 	1.8 	1.8 	0 	1.8 	
345.001 	1.8 	1.8 	0 	1.8 	
345.002 	1.8 	1.8 	0 	1.8 	
345.003 	1.8 	1.8 	0 	1.8 	
345.006 	1.8 	1.8 	0 	1.8 	
345.011 	1.8 	1.8 	0 	1.8 	
345.021 	1.8 	1.8 	0 	1.8 	
345.042 	1.8 	1.8 	0 	1.8 	
345.084 	1.8 	1.8 	0 	1.8 	
345.153 	1.8 	1.8 	0 	1.8 	
345.226 	1.8 	1.8 	0 	1.8 	
345.312 	1.8 	1.8 	0 	1.8 	
345.41 	1.8 	1.8 	0 	1.8 	
345.491 	1.8 	1.8 	0 	1.8 	
345.577 	1.8 	1.8 	0 	1.8 	
345.654 	1.8 	1.8 	0 	1.8 	
345.715 	1.80001 	1.8 	0 	1.8 	
345.781 	1.80001 	1.8 	0 	1.8 	
345.855 	1.8 	1.8 	0 	1.8 	
345.915 	1.79993 	1.8 	0 	1.8 	
345.98 	1.79989 	1.8 	0 	1.8 	
346.041 	1.79992 	1.8 	0 	1.8 	
346.118 	1.79992 	1.8 	0 	1.8 	
346.215 	1.79993 	1.8 	0 	1.8 	
346.4 	1.79995 	1.8 	0 	1.8 	
346.771 	1.79997 	1.8 	0 	1.8 	
347.427 	1.79999 	1.8 	0 	1.8 	
348.427 	1.8 	1.8 	0 	1.8 	
349.427 	1.8 	1.8 	0 	1.8 	
350.427 	1.8 	1.8 	0 	1.8 	
351.427 	1.8 	1.8 	0 	1.8 	
352 	1.8 	1.8 	0 	1.8 	
352 	1.8 	1.8 	0 	1.8 	
352 	1.8 	1.8 	0 	1.8 	
352 	1.8 	1.8 	0 	1.8 	
352 	1.8 	1.8 	0 	1.8 	
352 	1.8 	1.8 	0 	1.8 	
352 	1.8 	1.8 	0 	1.8 	
352 	1.8 	1.8 	0 	1.8 	
352 	1.8 	1.8 	0 	1.8 	
352 	1.8 	1.8 	0 	1.8 	
352 	1.8 	1.8 	0 	1.8 	
352 	1.8 	1.8 	0 	1.8 	
352 	1.8 	1.8 	0 	1.8 	
352 	1.8 	1.8 	0 	1.8 	
352.001 	1.8 	1.8 	0 	1.8 	
352.002 	1.8 	1.8 	0 	1.8 	
352.003 	1.8 	1.8 	0 	1.8 	
352.007 	1.8 	1.8 	0 	1.8 	
352.013 	1.8 	1.8 	0 	1.8 	
352.026 	1.8 	1.8 	0 	1.8 	
352.052 	1.8 	1.8 	0 	1.8 	
352.105 	1.8 	1.8 	0 	1.8 	
352.21 	1.8 	1.8 	0 	1.8 	
352.419 	1.8 	1.8 	0 	1.8 	
352.839 	1.8 	1.8 	0 	1.8 	
353.203 	1.8 	1.8 	0 	1.8 	
353.495 	1.8 	1.8 	0 	1.8 	
353.719 	1.80006 	1.8 	0 	1.8 	
353.892 	1.7905 	1.8 	0 	1.8 	
354.033 	1.75392 	1.8 	0 	1.8 	
354.169 	1.70936 	1.8 	0 	1.8 	
354.291 	1.67285 	1.8 	0 	1.8 	
354.423 	1.63117 	1.8 	0 	1.8 	
354.617 	1.57146 	1.8 	0 	1.8 	
354.875 	1.49162 	1.8 	0 	1.8 	
355.321 	1.35502 	1.8 	0 	1.8 	
355.99 	1.15181 	1.8 	0 	1.8 	
356.525 	0.993048 	1.8 	0 	1.8 	
357.274 	0.773726 	1.8 	0 	1.8 	
358.004 	0.578045 	1.8 	0 	1.8 	
358.719 	0.40992 	1.8 	0 	1.8 	
359.155 	0.326783 	1.8 	0 	1.8 	
359.61 	0.250746 	1.8 	0 	1.8 	
360 	0.194139 	1.8 	0 	1.8 	
