0 	3.5441e-09 	3.5441e-09 	3.5441e-09 	0 	0 	0 	0 	
0.08 	3.54408e-09 	3.54408e-09 	3.5441e-09 	1.93363e-10 	1.93353e-10 	1.93297e-10 	1.9329e-10 	
0.16 	3.54406e-09 	3.54412e-09 	3.54414e-09 	3.76085e-10 	3.76074e-10 	3.76021e-10 	3.7603e-10 	
0.32 	3.54409e-09 	3.54413e-09 	3.54416e-09 	7.21677e-10 	7.21659e-10 	7.2158e-10 	7.21599e-10 	
0.64 	3.54409e-09 	3.54405e-09 	3.54408e-09 	1.30556e-09 	1.30552e-09 	1.30557e-09 	1.30557e-09 	
1.28 	3.54409e-09 	3.54416e-09 	3.54412e-09 	2.14499e-09 	2.145e-09 	2.14499e-09 	2.145e-09 	
2.56 	3.54412e-09 	3.54405e-09 	3.54406e-09 	3.02855e-09 	3.02858e-09 	3.02853e-09 	3.02857e-09 	
5.12 	3.5441e-09 	3.54405e-09 	3.54409e-09 	3.5234e-09 	3.52341e-09 	3.5235e-09 	3.52347e-09 	
10.24 	3.54411e-09 	3.54416e-09 	3.54412e-09 	3.55031e-09 	3.55029e-09 	3.55021e-09 	3.55023e-09 	
20.24 	3.54408e-09 	3.54405e-09 	3.54408e-09 	3.54057e-09 	3.54059e-09 	3.54067e-09 	3.54063e-09 	
30.24 	3.54412e-09 	3.54413e-09 	3.54412e-09 	3.54611e-09 	3.54611e-09 	3.54604e-09 	3.54606e-09 	
40.24 	3.54409e-09 	3.54408e-09 	3.54409e-09 	3.54296e-09 	3.54295e-09 	3.543e-09 	3.543e-09 	
50.24 	3.54411e-09 	3.54413e-09 	3.54412e-09 	3.54477e-09 	3.54478e-09 	3.54473e-09 	3.54473e-09 	
60.24 	3.54409e-09 	3.54408e-09 	3.54409e-09 	3.54371e-09 	3.54371e-09 	3.54374e-09 	3.54375e-09 	
70.24 	3.54411e-09 	3.54412e-09 	3.54411e-09 	3.54434e-09 	3.54434e-09 	3.5443e-09 	3.5443e-09 	
80.24 	3.5441e-09 	3.54409e-09 	3.54409e-09 	3.54395e-09 	3.54394e-09 	3.54399e-09 	3.54399e-09 	
90.24 	3.54411e-09 	3.54412e-09 	3.54412e-09 	3.5442e-09 	3.54421e-09 	3.54416e-09 	3.54416e-09 	
100 	3.5441e-09 	3.54411e-09 	3.54412e-09 	3.54405e-09 	3.54405e-09 	3.54408e-09 	3.54407e-09 	
100.1 	3.54412e-09 	3.54413e-09 	3.54411e-09 	3.54407e-09 	3.54406e-09 	3.93479e-09 	6.22293e-05 	
100.3 	3.54413e-09 	3.54415e-09 	3.5441e-09 	3.54409e-09 	3.54407e-09 	2.49707e-09 	0.00014024 	
100.566 	3.54411e-09 	3.54409e-09 	3.54413e-09 	3.54402e-09 	3.54402e-09 	4.5208e-09 	-0.00108092 	
100.822 	3.54408e-09 	3.54405e-09 	3.54406e-09 	3.54401e-09 	3.54402e-09 	2.98973e-09 	0.0164359 	
101 	3.54408e-09 	3.54413e-09 	3.54408e-09 	3.5441e-09 	3.54412e-09 	4.50715e-09 	0.0634168 	
101.024 	3.54411e-09 	3.54408e-09 	3.54407e-09 	3.54406e-09 	3.54403e-09 	2.63989e-09 	0.0718344 	
101.073 	3.54413e-09 	3.54403e-09 	3.54406e-09 	3.54402e-09 	3.54417e-09 	2.97584e-09 	0.0880518 	
101.143 	3.54412e-09 	3.54408e-09 	3.5441e-09 	3.54405e-09 	3.5441e-09 	4.0887e-09 	0.110429 	
101.218 	3.54409e-09 	3.54411e-09 	3.54412e-09 	3.54408e-09 	3.54476e-09 	3.21771e-09 	0.1345 	
101.314 	3.54407e-09 	3.54407e-09 	3.54407e-09 	3.54402e-09 	3.54272e-09 	3.65733e-09 	0.165096 	
101.385 	3.54408e-09 	3.54407e-09 	3.54404e-09 	3.54397e-09 	3.53362e-09 	3.4864e-09 	0.187656 	
101.456 	3.54412e-09 	3.54406e-09 	3.54406e-09 	3.54426e-09 	3.56699e-09 	3.67963e-09 	0.210253 	
101.524 	3.54412e-09 	3.54408e-09 	3.54408e-09 	3.54451e-09 	3.66916e-09 	4.09982e-09 	0.231708 	
101.596 	3.54412e-09 	3.54408e-09 	3.5441e-09 	3.54151e-09 	3.26392e-09 	1.92974e-09 	0.25436 	
101.682 	3.54409e-09 	3.54409e-09 	3.54411e-09 	3.54817e-09 	3.68886e-09 	4.92045e-09 	0.281681 	
101.774 	3.54407e-09 	3.54419e-09 	3.5441e-09 	3.53947e-09 	3.21398e-09 	2.48433e-09 	0.310868 	
101.882 	3.5441e-09 	3.54416e-09 	3.54417e-09 	3.54813e-09 	3.41886e-09 	5.7059e-09 	0.344812 	
101.985 	3.54409e-09 	3.5441e-09 	3.54418e-09 	3.58378e-09 	1.4918e-08 	1.85854e-09 	0.37717 	
102.094 	3.54405e-09 	3.54409e-09 	3.54411e-09 	3.28217e-09 	-4.72092e-08 	1.93015e-09 	0.411284 	
102.162 	3.54411e-09 	3.54406e-09 	3.54411e-09 	2.59143e-09 	-2.63779e-07 	7.82691e-09 	0.43273 	
102.227 	3.54413e-09 	3.54406e-09 	3.54424e-09 	1.2452e-08 	9.73261e-07 	1.02941e-09 	0.452873 	
102.3 	3.54408e-09 	3.54413e-09 	3.54361e-09 	-1.45963e-09 	1.45272e-06 	4.70929e-09 	0.47568 	
102.374 	3.54408e-09 	3.5442e-09 	3.54478e-09 	-4.59187e-09 	2.23494e-07 	2.75685e-09 	0.498992 	
102.469 	3.54412e-09 	3.54421e-09 	3.54356e-09 	4.86701e-09 	-4.84466e-06 	4.11113e-09 	0.528541 	
102.57 	3.54412e-09 	3.54414e-09 	3.54423e-09 	9.03995e-09 	-1.99807e-05 	3.17746e-09 	0.55975 	
102.666 	3.54409e-09 	3.54413e-09 	3.5443e-09 	1.12411e-08 	5.04436e-05 	3.66172e-09 	0.589494 	
102.778 	3.5441e-09 	3.54414e-09 	3.54386e-09 	-1.31516e-08 	0.00055499 	3.53686e-09 	0.624137 	
102.86 	3.54407e-09 	3.54409e-09 	3.5449e-09 	1.56878e-08 	-0.00148368 	3.46972e-09 	0.649356 	
102.941 	3.54408e-09 	3.54405e-09 	3.5424e-09 	-1.30935e-09 	-0.00167139 	3.64031e-09 	0.674083 	
103.014 	3.54412e-09 	3.54407e-09 	3.5459e-09 	4.88006e-09 	0.0131899 	3.4937e-09 	0.69655 	
103.09 	3.54413e-09 	3.54409e-09 	3.54264e-09 	2.66311e-09 	0.0376998 	3.54019e-09 	0.719947 	
103.186 	3.54409e-09 	3.54407e-09 	3.54498e-09 	4.16997e-09 	0.068206 	3.57881e-09 	0.749064 	
103.288 	3.54407e-09 	3.54403e-09 	3.54357e-09 	3.10202e-09 	0.100817 	3.49644e-09 	0.780103 	
103.492 	3.54413e-09 	3.54407e-09 	3.54434e-09 	3.92569e-09 	0.165822 	3.59912e-09 	0.841856 	
103.9 	3.54412e-09 	3.5441e-09 	3.54389e-09 	3.18418e-09 	0.29516 	3.48872e-09 	0.963838 	
104.716 	3.54409e-09 	3.54406e-09 	3.54428e-09 	3.90828e-09 	0.550567 	3.60154e-09 	1.19669 	
106.348 	3.54411e-09 	3.54425e-09 	3.54398e-09 	3.18287e-09 	1.04181 	3.48669e-09 	1.54873 	
108.514 	3.54411e-09 	3.54398e-09 	3.54418e-09 	3.9062e-09 	1.53522 	3.60196e-09 	1.75502 	
110.892 	3.54408e-09 	3.54415e-09 	3.54402e-09 	3.18157e-09 	1.76292 	3.48597e-09 	1.79709 	
114.188 	3.54412e-09 	3.54407e-09 	3.54422e-09 	3.90711e-09 	1.80354 	3.60241e-09 	1.80032 	
117.905 	3.54408e-09 	3.54408e-09 	3.54395e-09 	3.18062e-09 	1.7994 	3.48562e-09 	1.79995 	
123.376 	3.54413e-09 	3.54415e-09 	3.54429e-09 	3.90794e-09 	1.8002 	3.60275e-09 	1.80002 	
133.376 	3.54407e-09 	3.54405e-09 	3.54391e-09 	3.18003e-09 	1.79989 	3.48537e-09 	1.79999 	
143.376 	3.54413e-09 	3.54414e-09 	3.54426e-09 	3.90838e-09 	1.80006 	3.60289e-09 	1.80001 	
153.376 	3.54408e-09 	3.54407e-09 	3.54396e-09 	3.17961e-09 	1.79997 	3.48526e-09 	1.8 	
163.376 	3.54413e-09 	3.54412e-09 	3.54424e-09 	3.90882e-09 	1.80001 	3.60301e-09 	1.8 	
173.376 	3.54409e-09 	3.54409e-09 	3.54398e-09 	3.17914e-09 	1.8 	3.48512e-09 	1.8 	
183.376 	3.54412e-09 	3.54412e-09 	3.54422e-09 	3.90932e-09 	1.8 	3.60314e-09 	1.8 	
193.376 	3.54408e-09 	3.54409e-09 	3.54399e-09 	3.17861e-09 	1.80001 	3.485e-09 	1.8 	
200 	3.54413e-09 	3.54411e-09 	3.54421e-09 	3.91005e-09 	1.79999 	3.60329e-09 	1.8 	
200.1 	3.54409e-09 	3.54417e-09 	3.5442e-09 	3.52817e-09 	1.8 	4.39681e-09 	1.8 	
200.3 	3.54408e-09 	3.54423e-09 	3.54415e-09 	3.56471e-09 	1.8 	1.6432e-09 	1.8 	
200.566 	3.5441e-09 	3.54412e-09 	3.54414e-09 	3.52343e-09 	1.8 	-4.70354e-09 	1.8 	
200.853 	3.54412e-09 	3.54409e-09 	3.54412e-09 	3.56464e-09 	1.8 	4.37113e-07 	1.8 	
201 	3.54411e-09 	3.54413e-09 	3.54408e-09 	3.52721e-09 	1.8 	-5.2755e-07 	1.8 	
201.03 	3.54402e-09 	3.54411e-09 	3.54412e-09 	3.53994e-09 	1.8 	-6.39483e-06 	1.79998 	
201.089 	3.54429e-09 	3.5441e-09 	3.54414e-09 	3.54675e-09 	1.8 	-2.713e-05 	1.79996 	
201.166 	3.54393e-09 	3.5441e-09 	3.54413e-09 	3.54325e-09 	1.8 	1.17515e-05 	1.79996 	
201.252 	3.54421e-09 	3.54407e-09 	3.54412e-09 	3.54475e-09 	1.8 	0.000398333 	1.79996 	
201.336 	3.54405e-09 	3.54407e-09 	3.5441e-09 	3.54411e-09 	1.8 	-0.000609991 	1.79995 	
201.402 	3.54401e-09 	3.54407e-09 	3.54413e-09 	3.54431e-09 	1.8 	-0.00417016 	1.79993 	
201.46 	3.54425e-09 	3.54407e-09 	3.54414e-09 	3.54422e-09 	1.8 	-0.000631093 	1.79989 	
201.517 	3.54403e-09 	3.5441e-09 	3.54407e-09 	3.54423e-09 	1.8 	0.0137809 	1.79984 	
201.596 	3.54421e-09 	3.54414e-09 	3.5442e-09 	3.54425e-09 	1.8 	0.038861 	1.7998 	
201.679 	3.54407e-09 	3.54417e-09 	3.5441e-09 	3.54429e-09 	1.8 	0.0653307 	1.80021 	
201.796 	3.54408e-09 	3.54417e-09 	3.54424e-09 	3.5443e-09 	1.8 	0.102605 	1.80287 	
201.905 	3.54405e-09 	3.54416e-09 	3.54413e-09 	3.54442e-09 	1.8 	0.137466 	1.80813 	
202 	3.5441e-09 	3.54414e-09 	3.54415e-09 	3.54433e-09 	1.8 	0.167736 	1.80108 	
202.011 	3.54411e-09 	3.54416e-09 	3.53943e-09 	3.53861e-09 	1.8 	0.171334 	1.7986 	
202.034 	3.54409e-09 	3.54418e-09 	3.53075e-09 	3.52693e-09 	1.8 	0.178522 	1.79317 	
202.079 	3.5441e-09 	3.54415e-09 	3.55954e-09 	3.54697e-09 	1.8 	0.192888 	1.78046 	
202.128 	3.54413e-09 	3.54409e-09 	3.55474e-09 	3.56489e-09 	1.8 	0.208269 	1.76549 	
202.171 	3.54411e-09 	3.54409e-09 	3.62892e-09 	3.70742e-09 	1.8 	0.222108 	1.75159 	
202.243 	3.5441e-09 	3.54406e-09 	3.36563e-09 	3.3585e-09 	1.8 	0.244742 	1.72864 	
202.289 	3.5441e-09 	3.54407e-09 	3.5437e-09 	3.39172e-09 	1.8 	0.259424 	1.7137 	
202.336 	3.54409e-09 	3.54409e-09 	3.7996e-09 	3.73116e-09 	1.8 	0.274367 	1.69848 	
202.379 	3.5441e-09 	3.54407e-09 	3.38194e-09 	3.41281e-09 	1.8 	0.287794 	1.6848 	
202.429 	3.54412e-09 	3.54412e-09 	3.46722e-09 	3.11478e-09 	1.8 	0.303662 	1.66863 	
202.494 	3.54413e-09 	3.54413e-09 	3.8913e-09 	3.82867e-09 	1.8 	0.324239 	1.64766 	
202.552 	3.54413e-09 	3.54409e-09 	3.15182e-09 	2.39345e-09 	1.8 	0.342481 	1.62906 	
202.612 	3.54411e-09 	3.54415e-09 	3.55514e-09 	1.19395e-08 	1.8 	0.361351 	1.60981 	
202.676 	3.54411e-09 	3.54414e-09 	3.7219e-09 	1.78056e-08 	1.8 	0.381365 	1.58939 	
202.763 	3.54409e-09 	3.54415e-09 	3.44686e-09 	-5.76993e-08 	1.8 	0.408664 	1.56153 	
202.816 	3.54407e-09 	3.54414e-09 	3.54689e-09 	-2.23699e-07 	1.8 	0.425378 	1.54447 	
202.876 	3.54408e-09 	3.54415e-09 	3.54213e-09 	2.9791e-07 	1.8 	0.444199 	1.52525 	
202.922 	3.5441e-09 	3.54416e-09 	3.55507e-09 	1.56504e-06 	1.8 	0.45849 	1.51065 	
202.972 	3.5441e-09 	3.54419e-09 	3.4742e-09 	1.03592e-06 	1.8 	0.474025 	1.49478 	
203.025 	3.54408e-09 	3.5442e-09 	3.60995e-09 	5.40739e-07 	1.8 	0.490664 	1.47778 	
203.097 	3.54411e-09 	3.5441e-09 	3.54593e-09 	-7.39861e-07 	1.8 	0.512985 	1.45496 	
203.157 	3.54415e-09 	3.54408e-09 	3.47182e-09 	-7.51294e-06 	1.8 	0.531698 	1.43582 	
203.218 	3.54415e-09 	3.54406e-09 	3.71853e-09 	-1.49387e-05 	1.8 	0.550552 	1.41653 	
203.282 	3.54409e-09 	3.54409e-09 	3.33729e-09 	-3.65188e-05 	1.8 	0.570519 	1.39609 	
203.367 	3.54405e-09 	3.54418e-09 	3.65769e-09 	0.000158731 	1.8 	0.596819 	1.36917 	
203.457 	3.54409e-09 	3.54407e-09 	3.52982e-09 	0.000428302 	1.80003 	0.624646 	1.34066 	
203.518 	3.54409e-09 	3.5441e-09 	3.51587e-09 	-0.00127282 	1.79994 	0.643213 	1.32163 	
203.575 	3.54408e-09 	3.54408e-09 	3.54872e-09 	-0.00428249 	1.79936 	0.660785 	1.30362 	
203.624 	3.54409e-09 	3.54404e-09 	3.54605e-09 	0.000122225 	1.79985 	0.675876 	1.28814 	
203.673 	3.54409e-09 	3.54405e-09 	3.54312e-09 	0.0128348 	1.80296 	0.691065 	1.27256 	
203.749 	3.54409e-09 	3.54413e-09 	3.54621e-09 	0.0364433 	1.80879 	0.714112 	1.24891 	
203.805 	3.5441e-09 	3.54414e-09 	3.54132e-09 	0.0544109 	1.80496 	0.731209 	1.23135 	
203.867 	3.54406e-09 	3.54413e-09 	3.54926e-09 	0.074374 	1.79025 	0.750255 	1.21179 	
203.955 	3.54406e-09 	3.54416e-09 	3.53663e-09 	0.102405 	1.76354 	0.776948 	1.18435 	
204.041 	3.54413e-09 	3.54412e-09 	3.55389e-09 	0.129969 	1.73589 	0.803175 	1.15738 	
204.183 	3.54409e-09 	3.54413e-09 	3.5337e-09 	0.17506 	1.69034 	0.845972 	1.11333 	
204.376 	3.54411e-09 	3.54416e-09 	3.55516e-09 	0.236477 	1.62814 	0.904081 	1.05341 	
204.763 	3.54413e-09 	3.54416e-09 	3.533e-09 	0.358663 	1.50432 	1.0187 	0.934797 	
205.537 	3.54403e-09 	3.54412e-09 	3.55541e-09 	0.599968 	1.25925 	1.23559 	0.705252 	
207.085 	3.54413e-09 	3.54411e-09 	3.53279e-09 	1.0637 	0.786864 	1.55965 	0.334765 	
209.186 	3.54412e-09 	3.54406e-09 	3.55548e-09 	1.53869 	0.294882 	1.75437 	0.0787902 	
210.727 	3.54411e-09 	3.5441e-09 	3.53265e-09 	1.7121 	0.106893 	1.78751 	0.0241266 	
211.424 	3.54412e-09 	3.54406e-09 	3.55556e-09 	1.74727 	0.0661085 	1.7927 	0.0145519 	
212.246 	3.54412e-09 	3.54411e-09 	3.53252e-09 	1.77175 	0.0367607 	1.79616 	0.00793919 	
213.121 	3.54409e-09 	3.54409e-09 	3.55566e-09 	1.78563 	0.0194116 	1.79807 	0.00414548 	
214.425 	3.54413e-09 	3.54407e-09 	3.53243e-09 	1.7951 	0.00709141 	1.79935 	0.00149808 	
215.659 	3.54404e-09 	3.54418e-09 	3.5559e-09 	1.79821 	0.00273359 	1.79976 	0.000576027 	
217.463 	3.54416e-09 	3.54404e-09 	3.53236e-09 	1.79967 	0.000583335 	1.79996 	0.000122093 	
219.779 	3.54406e-09 	3.54417e-09 	3.55582e-09 	1.79997 	5.07438e-05 	1.8 	1.10077e-05 	
224.169 	3.54413e-09 	3.54408e-09 	3.53236e-09 	1.80001 	-1.02512e-05 	1.8 	-2.50878e-06 	
231.296 	3.54408e-09 	3.54408e-09 	3.55586e-09 	1.79999 	3.66268e-06 	1.8 	1.12962e-06 	
241.296 	3.54412e-09 	3.54412e-09 	3.53232e-09 	1.80001 	-1.40247e-06 	1.8 	-6.49373e-07 	
251.296 	3.54409e-09 	3.54409e-09 	3.55589e-09 	1.79999 	1.37444e-07 	1.8 	3.88554e-07 	
261.296 	3.54412e-09 	3.54411e-09 	3.53231e-09 	1.80001 	5.90332e-07 	1.8 	-2.29596e-07 	
271.296 	3.54409e-09 	3.54409e-09 	3.55589e-09 	1.79999 	-9.90208e-07 	1.8 	1.50556e-07 	
281.296 	3.54412e-09 	3.54412e-09 	3.53231e-09 	1.80001 	1.22715e-06 	1.8 	-9.45085e-08 	
291.296 	3.54409e-09 	3.54409e-09 	3.5559e-09 	1.79999 	-1.34989e-06 	1.8 	7.36979e-08 	
300 	3.54412e-09 	3.54411e-09 	3.5323e-09 	1.80001 	1.43795e-06 	1.8 	-4.8799e-08 	
300.1 	3.54411e-09 	3.54418e-09 	3.54428e-09 	1.8 	-7.44077e-08 	1.8 	6.22026e-05 	
300.3 	3.5441e-09 	3.54423e-09 	3.54408e-09 	1.8 	-6.50853e-08 	1.8 	0.00014023 	
300.566 	3.54412e-09 	3.54411e-09 	3.5442e-09 	1.8 	-5.61957e-08 	1.8 	-0.0010809 	
300.822 	3.54408e-09 	3.54412e-09 	3.54412e-09 	1.8 	-4.10345e-08 	1.8 	0.0164358 	
301 	3.54409e-09 	3.54416e-09 	3.54411e-09 	1.8 	-4.13492e-08 	1.8 	0.0634168 	
301.024 	3.54409e-09 	3.54414e-09 	3.54412e-09 	1.8 	-3.87315e-08 	1.8 	0.0718344 	
301.073 	3.5441e-09 	3.54411e-09 	3.54415e-09 	1.8 	-3.54669e-08 	1.8 	0.0880517 	
301.143 	3.5441e-09 	3.54409e-09 	3.54409e-09 	1.8 	-3.44689e-08 	1.8 	0.110688 	
301.22 	3.5441e-09 	3.54413e-09 	3.54411e-09 	1.8 	-3.20732e-08 	1.8 	0.13495 	
301.317 	3.5441e-09 	3.5441e-09 	3.54406e-09 	1.8 	-2.98788e-08 	1.8 	0.165887 	
301.387 	3.54408e-09 	3.54413e-09 	3.54405e-09 	1.8 	-2.80366e-08 	1.8 	0.188324 	
301.458 	3.5441e-09 	3.54417e-09 	3.54412e-09 	1.8 	-2.65881e-08 	1.8 	0.210682 	
301.525 	3.54411e-09 	3.54411e-09 	3.54408e-09 	1.8 	-2.49329e-08 	1.8 	0.232007 	
301.597 	3.54411e-09 	3.54414e-09 	3.54404e-09 	1.8 	-2.39991e-08 	1.8 	0.254772 	
301.683 	3.54412e-09 	3.54415e-09 	3.54412e-09 	1.8 	-2.18308e-08 	1.8 	0.281962 	
301.775 	3.54409e-09 	3.54408e-09 	3.54414e-09 	1.8 	-2.07332e-08 	1.8 	0.311199 	
301.882 	3.54409e-09 	3.54406e-09 	3.54406e-09 	1.8 	-1.87132e-08 	1.8 	0.344903 	
301.986 	3.54407e-09 	3.54409e-09 	3.54411e-09 	1.8 	-5.51203e-09 	1.8 	0.377373 	
302.094 	3.54407e-09 	3.54413e-09 	3.5441e-09 	1.8 	-6.89543e-08 	1.8 	0.411492 	
302.163 	3.5441e-09 	3.54414e-09 	3.54411e-09 	1.8 	-2.83966e-07 	1.8 	0.432964 	
302.227 	3.54412e-09 	3.54413e-09 	3.54428e-09 	1.8 	1.01419e-06 	1.8 	0.453135 	
302.302 	3.54414e-09 	3.5441e-09 	3.5433e-09 	1.8 	1.44103e-06 	1.8 	0.47631 	
302.377 	3.54413e-09 	3.54414e-09 	3.54515e-09 	1.8 	1.76179e-07 	1.8 	0.499912 	
302.472 	3.54412e-09 	3.5441e-09 	3.5434e-09 	1.8 	-5.00905e-06 	1.8 	0.52928 	
302.571 	3.54411e-09 	3.54405e-09 	3.544e-09 	1.8 	-2.07059e-05 	1.8 	0.560144 	
302.666 	3.54411e-09 	3.54413e-09 	3.54446e-09 	1.8 	5.0939e-05 	1.8 	0.589481 	
302.777 	3.54411e-09 	3.54419e-09 	3.54351e-09 	1.8 	0.000550324 	1.8 	0.623729 	
302.858 	3.5441e-09 	3.54411e-09 	3.54543e-09 	1.8 	-0.00143853 	1.8 	0.648705 	
302.938 	3.54411e-09 	3.54404e-09 	3.54191e-09 	1.8 	-0.00186362 	1.8 	0.673197 	
303.01 	3.5441e-09 	3.54409e-09 	3.54624e-09 	1.8 	0.0125818 	1.8 	0.69552 	
303.086 	3.5441e-09 	3.54415e-09 	3.54287e-09 	1.8 	0.0366405 	1.8 	0.718546 	
303.179 	3.5441e-09 	3.54408e-09 	3.54464e-09 	1.8 	0.0666155 	1.8 	0.747153 	
303.28 	3.54412e-09 	3.5441e-09 	3.54396e-09 	1.8 	0.0987609 	1.8 	0.777754 	
303.481 	3.54412e-09 	3.54406e-09 	3.54419e-09 	1.8 	0.162843 	1.8 	0.838642 	
303.883 	3.5441e-09 	3.54398e-09 	3.54398e-09 	1.8 	0.290358 	1.8 	0.958951 	
304.688 	3.54414e-09 	3.54412e-09 	3.54412e-09 	1.8 	0.542223 	1.8 	1.18906 	
306.296 	3.54408e-09 	3.54411e-09 	3.54417e-09 	1.8 	1.02739 	1.8 	1.54041 	
308.485 	3.54414e-09 	3.54422e-09 	3.54406e-09 	1.8 	1.52992 	1.8 	1.7541 	
310.883 	3.54407e-09 	3.54405e-09 	3.54415e-09 	1.8 	1.76273 	1.8 	1.7972 	
314.228 	3.54415e-09 	3.54406e-09 	3.544e-09 	1.8 	1.80382 	1.8 	1.80033 	
317.921 	3.54405e-09 	3.54412e-09 	3.54417e-09 	1.8 	1.79936 	1.8 	1.79995 	
323.409 	3.54412e-09 	3.54412e-09 	3.54407e-09 	1.8 	1.80021 	1.8 	1.80002 	
333.409 	3.54409e-09 	3.54405e-09 	3.54413e-09 	1.8 	1.79988 	1.8 	1.79999 	
343.409 	3.54411e-09 	3.54416e-09 	3.54406e-09 	1.8 	1.80006 	1.8 	1.80001 	
353.409 	3.54409e-09 	3.54405e-09 	3.54416e-09 	1.8 	1.79997 	1.8 	1.8 	
363.409 	3.54412e-09 	3.54416e-09 	3.54404e-09 	1.8 	1.80001 	1.8 	1.8 	
373.409 	3.54409e-09 	3.54403e-09 	3.54417e-09 	1.8 	1.8 	1.8 	1.8 	
383.409 	3.54411e-09 	3.54417e-09 	3.54403e-09 	1.8 	1.79999 	1.8 	1.8 	
393.409 	3.5441e-09 	3.54404e-09 	3.54418e-09 	1.8 	1.80001 	1.8 	1.8 	
400 	3.54413e-09 	3.54417e-09 	3.54402e-09 	1.8 	1.79999 	1.8 	1.8 	
400.1 	3.61532e-09 	3.5442e-09 	3.5442e-09 	1.8 	1.8 	1.8 	1.8 	
400.3 	3.23622e-09 	3.54415e-09 	3.54408e-09 	1.8 	1.8 	1.8 	1.8 	
400.566 	4.05388e-09 	3.54432e-09 	3.54433e-09 	1.8 	1.8 	1.8 	1.8 	
400.853 	2.97223e-09 	3.54419e-09 	3.54632e-09 	1.8 	1.80001 	1.8 	1.8 	
401 	4.21206e-09 	3.54198e-09 	3.51117e-09 	1.8 	1.79994 	1.8 	1.8 	
401.014 	2.75907e-09 	3.40343e-09 	3.00228e-09 	1.8 	1.79989 	1.8 	1.79999 	
401.042 	3.09813e-09 	3.50015e-09 	2.36958e-09 	1.8 	1.79969 	1.8 	1.79997 	
401.098 	4.43881e-09 	3.97632e-09 	3.16045e-09 	1.8 	1.79953 	1.8 	1.79996 	
401.159 	3.10138e-09 	3.07006e-09 	9.77834e-09 	1.80001 	1.80296 	1.8 	1.79996 	
401.218 	3.63902e-09 	3.65975e-09 	2.05155e-08 	1.80002 	1.80864 	1.8 	1.79996 	
401.263 	3.59542e-09 	3.63622e-09 	1.43494e-09 	1.80002 	1.80765 	1.8 	1.79996 	
401.317 	3.50829e-09 	3.51193e-09 	-6.58789e-08 	1.80001 	1.79693 	1.8 	1.79995 	
401.376 	3.57484e-09 	3.55432e-09 	-2.14182e-07 	1.79988 	1.78001 	1.8 	1.79994 	
401.432 	3.52057e-09 	3.54044e-09 	1.76073e-07 	1.79926 	1.76263 	1.8 	1.79991 	
401.49 	3.5613e-09 	3.55023e-09 	1.60717e-06 	1.80015 	1.74415 	1.8 	1.79987 	
401.556 	3.52135e-09 	3.49031e-09 	8.72154e-07 	1.80576 	1.72266 	1.8 	1.7998 	
401.611 	3.5688e-09 	3.61071e-09 	2.53825e-07 	1.80896 	1.70507 	1.8 	1.79981 	
401.666 	3.52832e-09 	3.54777e-09 	-1.41878e-06 	1.80176 	1.6875 	1.8 	1.80005 	
401.722 	3.54192e-09 	3.47351e-09 	-8.54727e-06 	1.78694 	1.66943 	1.8 	1.80076 	
401.794 	3.56357e-09 	3.72324e-09 	-1.61762e-05 	1.76462 	1.64609 	1.8 	1.80271 	
401.88 	3.50643e-09 	3.28145e-09 	1.77841e-06 	1.73726 	1.61863 	1.8 	1.80684 	
401.967 	3.58588e-09 	3.74352e-09 	0.00033767 	1.70914 	1.59064 	1.8 	1.80543 	
402 	3.54915e-09 	3.57147e-09 	0.000549927 	1.69857 	1.58012 	1.8 	1.80013 	
402.01 	3.52217e-09 	3.48194e-09 	0.000609843 	1.69521 	1.57678 	1.8 	1.79773 	
402.031 	3.49888e-09 	3.30578e-09 	0.000518973 	1.68849 	1.5701 	1.8 	1.79257 	
402.073 	3.53022e-09 	3.26787e-09 	-0.000613663 	1.67505 	1.55673 	1.8 	1.78076 	
402.115 	3.52667e-09 	3.16694e-09 	-0.00166645 	1.66146 	1.54322 	1.8 	1.76774 	
402.159 	3.78739e-09 	5.18175e-09 	-0.0016621 	1.64741 	1.52925 	1.80001 	1.75387 	
402.216 	4.64747e-09 	1.45379e-08 	-0.000787607 	1.62923 	1.51118 	1.80002 	1.7357 	
402.263 	1.19732e-09 	-7.05094e-09 	-0.000259262 	1.61401 	1.49604 	1.8 	1.72042 	
402.317 	-8.31528e-09 	-1.01685e-07 	-3.62063e-05 	1.59662 	1.47877 	1.79977 	1.70295 	
402.367 	4.96698e-09 	-7.1855e-08 	2.85504e-05 	1.58083 	1.46307 	1.79946 	1.68709 	
402.417 	-4.91668e-09 	-1.4162e-07 	5.43617e-05 	1.56485 	1.44719 	1.80126 	1.67103 	
402.486 	1.21249e-07 	1.01245e-06 	6.14987e-05 	1.54274 	1.42522 	1.80697 	1.6488 	
402.539 	8.66875e-08 	1.47829e-06 	6.30513e-05 	1.52571 	1.4083 	1.80864 	1.63168 	
402.598 	-1.05462e-07 	4.33023e-07 	5.95457e-05 	1.50687 	1.38959 	1.79947 	1.61275 	
402.66 	-2.50745e-08 	1.71892e-07 	5.88649e-05 	1.48696 	1.36981 	1.78222 	1.59272 	
402.738 	-1.69348e-07 	-6.81246e-06 	5.40555e-05 	1.46227 	1.34529 	1.75806 	1.5679 	
402.823 	3.25713e-08 	-3.89347e-05 	5.25215e-05 	1.43512 	1.31833 	1.7307 	1.54059 	
402.896 	1.99741e-07 	5.55144e-05 	4.8156e-05 	1.41203 	1.29541 	1.70731 	1.51737 	
402.959 	-7.38293e-08 	0.000361254 	4.77065e-05 	1.39214 	1.27567 	1.68712 	1.49735 	
403.023 	2.30153e-08 	0.000280894 	4.38702e-05 	1.37168 	1.25537 	1.66636 	1.47677 	
403.075 	1.25318e-08 	-0.00156427 	4.39204e-05 	1.3553 	1.23911 	1.64972 	1.46029 	
403.13 	-1.58686e-09 	-0.00430468 	4.05854e-05 	1.33804 	1.22198 	1.63219 	1.44292 	
403.179 	4.708e-09 	0.000679315 	4.07887e-05 	1.32242 	1.2065 	1.61632 	1.4272 	
403.226 	2.86689e-09 	0.0130202 	3.78163e-05 	1.30755 	1.19177 	1.6012 	1.41223 	
403.291 	2.75807e-09 	0.0331359 	3.76862e-05 	1.28729 	1.17175 	1.5806 	1.39184 	
403.365 	1.91211e-09 	0.0568803 	3.41595e-05 	1.26398 	1.14876 	1.55688 	1.36837 	
403.445 	8.08098e-09 	0.0825575 	3.37884e-05 	1.23876 	1.12339 	1.53121 	1.34296 	
403.509 	-4.08501e-10 	0.102901 	3.07229e-05 	1.21879 	1.10207 	1.51088 	1.32285 	
403.571 	6.36445e-09 	0.122688 	3.09156e-05 	1.19937 	1.08017 	1.4911 	1.30329 	
403.63 	8.75946e-10 	0.141516 	2.81023e-05 	1.18092 	1.06357 	1.47228 	1.28469 	
403.693 	5.40967e-09 	0.1618 	2.83483e-05 	1.16104 	1.05577 	1.452 	1.26464 	
403.768 	1.82407e-09 	0.185525 	2.53727e-05 	1.13791 	1.06411 	1.42829 	1.24121 	
403.841 	4.78097e-09 	0.208578 	2.55613e-05 	1.11537 	1.0839 	1.40524 	1.21845 	
403.907 	2.46713e-09 	0.229598 	2.28949e-05 	1.09413 	1.10301 	1.38424 	1.19771 	
403.997 	4.31944e-09 	0.258267 	2.28956e-05 	1.06286 	1.12882 	1.35559 	1.16943 	
404.067 	2.89426e-09 	0.280318 	2.02886e-05 	1.04365 	1.14851 	1.33356 	1.1477 	
404.127 	3.87718e-09 	0.29933 	2.09325e-05 	1.03673 	1.16539 	1.31455 	1.12896 	
404.187 	3.29637e-09 	0.318224 	1.96866e-05 	1.04274 	1.18202 	1.29568 	1.11036 	
404.255 	3.57651e-09 	0.33972 	1.76529e-05 	1.05703 	1.20079 	1.2742 	1.0892 	
404.304 	3.59588e-09 	0.355001 	1.27539e-05 	1.06388 	1.21401 	1.25895 	1.07417 	
404.355 	3.29025e-09 	0.371137 	8.47188e-06 	1.06466 	1.22787 	1.24283 	1.0583 	
404.416 	3.82447e-09 	0.390313 	1.93396e-06 	1.0551 	1.24416 	1.22368 	1.03947 	
404.488 	3.17168e-09 	0.412849 	0.0001029 	1.03569 	1.26309 	1.20118 	1.01734 	
404.567 	3.91071e-09 	0.437496 	0.00034534 	1.01208 	1.28345 	1.17658 	0.993177 	
404.648 	3.03375e-09 	0.462692 	-0.000203606 	0.987485 	1.30392 	1.15144 	0.968494 	
404.724 	3.76676e-09 	0.486509 	-0.00379051 	0.96417 	1.32288 	1.12769 	0.945203 	
404.793 	8.43517e-09 	0.507902 	-0.000499873 	0.94323 	1.33961 	1.10635 	0.924301 	
404.856 	-1.42797e-09 	0.527676 	0.015321 	0.923899 	1.35477 	1.08665 	0.905017 	
404.901 	-3.16569e-08 	0.541582 	0.0295954 	0.910316 	1.36529 	1.07279 	0.891467 	
404.942 	-5.88854e-09 	0.554265 	0.0426535 	0.897947 	1.37473 	1.06017 	0.879134 	
405 	-1.03983e-07 	0.572203 	0.0611722 	0.880468 	1.38791 	1.04231 	0.861704 	
405.06 	-2.75827e-08 	0.590849 	0.0804252 	0.862324 	1.40134 	1.02376 	0.843619 	
405.163 	2.6881e-07 	0.622671 	0.113316 	0.831445 	1.42365 	0.992127 	0.812847 	
405.223 	-4.01827e-08 	0.641649 	0.132314 	0.81366 	1.43616 	0.97388 	0.795132 	
405.287 	-1.28524e-07 	0.662257 	0.152786 	0.794565 	1.44934 	0.954251 	0.776117 	
405.357 	5.67019e-08 	0.677523 	0.174995 	0.773911 	1.46327 	0.932984 	0.755561 	
405.432 	-3.56148e-08 	0.678519 	0.198972 	0.751723 	1.47787 	0.910073 	0.733486 	
405.5 	1.0164e-09 	0.666467 	0.220538 	0.73185 	1.49063 	0.889501 	0.71373 	
405.58 	1.09068e-08 	0.645512 	0.245808 	0.708711 	1.50511 	0.865459 	0.690739 	
405.666 	-1.07523e-08 	0.621794 	0.273034 	0.683951 	1.52016 	0.839625 	0.666164 	
405.793 	1.40324e-08 	0.586934 	0.313314 	0.647756 	1.54138 	0.801579 	0.630286 	
405.977 	-5.10314e-09 	0.53828 	0.371137 	0.596883 	1.56966 	0.747397 	0.579983 	
406.344 	1.14311e-08 	0.4479 	0.486129 	0.501043 	1.61872 	0.642068 	0.485608 	
407.079 	-3.86569e-09 	0.298487 	0.713026 	0.339044 	1.69091 	0.452928 	0.327136 	
408.531 	1.07964e-08 	0.116093 	1.14016 	0.135388 	1.76511 	0.194112 	0.129632 	
409.742 	-3.46768e-09 	0.0487274 	1.43688 	0.0574383 	1.78676 	0.0850759 	0.0548201 	
410.68 	1.02765e-08 	0.0246187 	1.59619 	0.0291331 	1.79367 	0.0436482 	0.0277727 	
411.573 	-2.89841e-09 	0.0127545 	1.68985 	0.0151156 	1.79686 	0.0227847 	0.014403 	
412.588 	9.7452e-09 	0.00595491 	1.74819 	0.00707012 	1.79861 	0.0106918 	0.00673332 	
413.545 	-2.40732e-09 	0.00291095 	1.77514 	0.00345313 	1.79934 	0.00523428 	0.00328924 	
414.851 	9.32025e-09 	0.0010459 	1.79146 	0.00124541 	1.79978 	0.0018866 	0.00118515 	
416.394 	-2.08609e-09 	0.000301024 	1.79774 	0.00035456 	1.79994 	0.0005406 	0.000338319 	
418.67 	9.07786e-09 	2.75853e-05 	1.79984 	3.58191e-05 	1.8 	5.19603e-05 	3.33753e-05 	
421.694 	-1.9178e-09 	6.41945e-07 	1.80001 	-2.25928e-06 	1.8 	-1.03635e-06 	-1.431e-06 	
426.986 	8.96538e-09 	-1.50992e-06 	1.8 	1.22489e-06 	1.8 	-5.33625e-07 	4.45311e-07 	
436.986 	-1.85578e-09 	1.69022e-06 	1.8 	-1.01103e-06 	1.8 	8.52684e-07 	-2.42292e-07 	
446.986 	8.92266e-09 	-1.78169e-06 	1.8 	9.02102e-07 	1.8 	-1.02179e-06 	1.386e-07 	
456.986 	-1.81322e-09 	1.84365e-06 	1.8 	-8.2904e-07 	1.8 	1.12825e-06 	-6.88596e-08 	
466.986 	8.88026e-09 	-1.869e-06 	1.80001 	7.9907e-07 	1.8 	-1.17781e-06 	4.05654e-08 	
476.986 	-1.77098e-09 	1.89313e-06 	1.79999 	-7.7103e-07 	1.8 	1.21624e-06 	-1.3507e-08 	
486.986 	8.83816e-09 	-1.89729e-06 	1.80001 	7.66348e-07 	1.8 	-1.22753e-06 	9.35706e-09 	
496.986 	-1.72901e-09 	1.90928e-06 	1.79999 	-7.52733e-07 	1.8 	1.24417e-06 	4.03476e-09 	
500 	8.74823e-09 	-1.91104e-06 	1.80001 	7.51969e-07 	1.8 	-1.2498e-06 	-4.54911e-09 	
500.1 	3.88083e-09 	-6.44241e-09 	1.8 	-1.60584e-09 	1.8 	-1.45893e-08 	6.2227e-05 	
500.3 	3.23898e-09 	1.52978e-08 	1.8 	6.75704e-09 	1.8 	1.34068e-08 	0.000140242 	
500.566 	3.85265e-09 	-3.16061e-09 	1.8 	3.74741e-09 	1.8 	8.84082e-10 	-0.00108091 	
500.822 	3.27914e-09 	1.38241e-08 	1.8 	4.39759e-09 	1.8 	7.85658e-09 	0.0164359 	
501 	3.78518e-09 	-2.7502e-09 	1.8 	4.79051e-09 	1.8 	3.69953e-09 	0.0634168 	
501.024 	3.59697e-09 	3.61619e-09 	1.8 	3.90307e-09 	1.8 	3.18889e-09 	0.0718344 	
501.073 	3.53221e-09 	5.7424e-09 	1.8 	4.2351e-09 	1.8 	4.14602e-09 	0.0880517 	
501.144 	3.55864e-09 	4.65908e-09 	1.8 	4.2038e-09 	1.8 	5.41647e-09 	0.110688 	
501.22 	3.5433e-09 	5.04049e-09 	1.8 	4.14889e-09 	1.8 	4.3956e-09 	0.134948 	
501.317 	3.55875e-09 	4.66001e-09 	1.8 	4.13859e-09 	1.8 	4.61961e-09 	0.165886 	
501.387 	3.5413e-09 	4.8567e-09 	1.8 	4.08311e-09 	1.8 	4.46243e-09 	0.188323 	
501.458 	3.5576e-09 	4.58166e-09 	1.8 	4.08515e-09 	1.8 	4.60244e-09 	0.21068 	
501.525 	3.54285e-09 	4.71819e-09 	1.8 	4.03637e-09 	1.8 	4.96065e-09 	0.232005 	
501.597 	3.5546e-09 	4.49994e-09 	1.8 	4.03187e-09 	1.8 	2.76081e-09 	0.254769 	
501.683 	3.54453e-09 	4.58706e-09 	1.8 	3.99259e-09 	1.8 	5.69764e-09 	0.28196 	
501.775 	3.55235e-09 	4.39261e-09 	1.8 	3.97441e-09 	1.8 	3.26428e-09 	0.311196 	
501.882 	3.5452e-09 	4.45034e-09 	1.8 	3.93589e-09 	1.8 	6.31621e-09 	0.344899 	
501.986 	3.55069e-09 	4.27818e-09 	1.8 	3.99221e-09 	1.8 	2.75851e-09 	0.377369 	
502.094 	3.54555e-09 	4.32706e-09 	1.8 	3.44094e-09 	1.8 	2.25223e-09 	0.411488 	
502.163 	3.54927e-09 	4.19645e-09 	1.8 	2.29656e-09 	1.8 	8.27387e-09 	0.432959 	
502.227 	3.54615e-09 	4.25329e-09 	1.8 	1.77514e-08 	1.80001 	1.99894e-09 	0.453129 	
502.302 	3.54817e-09 	4.1415e-09 	1.8 	-7.599e-11 	1.80002 	4.96977e-09 	0.476313 	
502.377 	3.5464e-09 	4.18164e-09 	1.8 	-9.5029e-09 	1.80001 	3.40957e-09 	0.499922 	
502.483 	3.54738e-09 	4.07255e-09 	1.8 	-6.93616e-08 	1.79984 	4.52198e-09 	0.532764 	
502.584 	3.54623e-09 	4.09942e-09 	1.8 	1.56441e-07 	1.80076 	3.62823e-09 	0.563968 	
502.673 	3.54678e-09 	4.00864e-09 	1.8 	1.85185e-06 	1.80741 	4.06621e-09 	0.59169 	
502.753 	3.54621e-09 	4.03952e-09 	1.8 	4.38824e-07 	1.80366 	3.95379e-09 	0.616285 	
502.835 	3.54634e-09 	3.96113e-09 	1.8 	-4.25026e-06 	1.78309 	3.83596e-09 	0.641658 	
502.927 	3.54606e-09 	3.98546e-09 	1.8 	-3.13235e-05 	1.75421 	3.96531e-09 	0.66989 	
503.012 	3.54597e-09 	3.91444e-09 	1.8 	5.86462e-05 	1.72689 	3.82442e-09 	0.69597 	
503.112 	3.54593e-09 	3.93558e-09 	1.8 	0.000593822 	1.69469 	3.86631e-09 	0.726541 	
503.185 	3.54565e-09 	3.87413e-09 	1.8 	-0.000871977 	1.67119 	3.85191e-09 	0.748823 	
503.257 	3.54577e-09 	3.90005e-09 	1.8 	-0.00357993 	1.64789 	3.78691e-09 	0.770885 	
503.327 	3.54545e-09 	3.84491e-09 	1.8 	0.00646102 	1.62546 	3.85897e-09 	0.7921 	
503.391 	3.54567e-09 	3.87054e-09 	1.8 	0.025952 	1.60497 	3.74401e-09 	0.811462 	
503.472 	3.54533e-09 	3.81762e-09 	1.8 	0.0520338 	1.57888 	3.8474e-09 	0.836067 	
503.563 	3.54552e-09 	3.83755e-09 	1.8 	0.0809172 	1.54998 	3.71107e-09 	0.863273 	
503.743 	3.54501e-09 	3.77233e-09 	1.8 	0.138534 	1.49232 	3.81374e-09 	0.917387 	
504.104 	3.54511e-09 	3.75848e-09 	1.8 	0.253248 	1.37756 	3.64486e-09 	1.02418 	
504.827 	3.54448e-09 	3.65554e-09 	1.8 	0.480212 	1.15065 	3.71876e-09 	1.22705 	
506.272 	3.54436e-09 	3.62388e-09 	1.8 	0.921075 	0.71614 	3.53423e-09 	1.53841 	
508.281 	3.54398e-09 	3.56225e-09 	1.8 	1.43158 	0.265545 	3.64255e-09 	1.74318 	
510.526 	3.54426e-09 	3.59157e-09 	1.8 	1.72609 	0.0490607 	3.50737e-09 	1.79444 	
512.149 	3.54397e-09 	3.55545e-09 	1.8 	1.78077 	0.0134903 	3.6368e-09 	1.79867 	
513.166 	3.54425e-09 	3.58958e-09 	1.8 	1.79143 	0.00629394 	3.5054e-09 	1.79941 	
514.18 	3.54399e-09 	3.55423e-09 	1.8 	1.79614 	0.00293086 	3.63615e-09 	1.79974 	
515.845 	3.54423e-09 	3.58822e-09 	1.8 	1.79915 	0.000736067 	3.50368e-09 	1.79994 	
518.756 	3.54396e-09 	3.55204e-09 	1.8 	1.80003 	-1.91768e-05 	3.63414e-09 	1.8 	
523.998 	3.54424e-09 	3.58443e-09 	1.8 	1.8 	6.94316e-06 	3.50027e-09 	1.8 	
533.998 	3.54396e-09 	3.54628e-09 	1.8 	1.79999 	-4.5692e-06 	3.62872e-09 	1.8 	
543.998 	3.54425e-09 	3.57812e-09 	1.8 	1.80001 	3.23378e-06 	3.49429e-09 	1.8 	
553.998 	3.54395e-09 	3.54131e-09 	1.8 	1.79999 	-2.46675e-06 	3.62406e-09 	1.8 	
563.998 	3.54426e-09 	3.57408e-09 	1.8 	1.80001 	2.0419e-06 	3.49042e-09 	1.8 	
573.998 	3.54395e-09 	3.53802e-09 	1.8 	1.79999 	-1.7896e-06 	3.62094e-09 	1.8 	
583.998 	3.54425e-09 	3.57135e-09 	1.8 	1.80001 	1.65645e-06 	3.48778e-09 	1.8 	
593.998 	3.54396e-09 	3.53572e-09 	1.8 	1.79999 	-1.56906e-06 	3.61883e-09 	1.8 	
600 	3.54425e-09 	3.56979e-09 	1.8 	1.80001 	1.50761e-06 	3.48616e-09 	1.8 	
600.1 	3.54412e-09 	3.55263e-09 	1.8 	1.8 	6.92533e-08 	4.38727e-09 	1.8 	
600.3 	3.54414e-09 	3.55249e-09 	1.8 	1.8 	2.05787e-08 	1.67584e-09 	1.8 	
600.566 	3.54415e-09 	3.55256e-09 	1.8 	1.8 	3.90871e-08 	-4.83253e-09 	1.8 	
600.853 	3.5441e-09 	3.55239e-09 	1.8 	1.8 	1.79878e-08 	4.4274e-07 	1.8 	
601 	3.54418e-09 	3.55242e-09 	1.8 	1.8 	2.65653e-08 	-5.28405e-07 	1.8 	
601.03 	3.54404e-09 	3.55239e-09 	1.8 	1.8 	2.32089e-08 	-6.47227e-06 	1.79998 	
601.089 	3.54427e-09 	3.5524e-09 	1.8 	1.8 	2.1318e-08 	-2.73841e-05 	1.79996 	
601.166 	3.54393e-09 	3.55242e-09 	1.8 	1.8 	2.0549e-08 	1.27749e-05 	1.79996 	
601.252 	3.54428e-09 	3.55242e-09 	1.8 	1.8 	1.93539e-08 	0.000402136 	1.79996 	
601.337 	3.54408e-09 	3.55242e-09 	1.8 	1.8 	1.86562e-08 	-0.000646623 	1.79995 	
601.402 	3.54403e-09 	3.55241e-09 	1.8 	1.8 	1.77754e-08 	-0.00418457 	1.79993 	
601.461 	3.54427e-09 	3.55239e-09 	1.8 	1.8 	1.72545e-08 	-0.00017067 	1.79989 	
601.518 	3.544e-09 	3.5524e-09 	1.8 	1.8 	1.66871e-08 	0.014285 	1.79984 	
601.599 	3.54416e-09 	3.55242e-09 	1.8 	1.8 	1.5953e-08 	0.0401663 	1.79981 	
601.682 	3.54402e-09 	3.55235e-09 	1.8 	1.8 	1.52191e-08 	0.06655 	1.80024 	
601.798 	3.54413e-09 	3.55228e-09 	1.8 	1.8 	1.42966e-08 	0.103794 	1.80297 	
601.907 	3.54407e-09 	3.5523e-09 	1.8 	1.8 	1.34648e-08 	0.138486 	1.80818 	
602 	3.54409e-09 	3.55233e-09 	1.8 	1.8 	1.28426e-08 	0.168101 	1.80113 	
602.011 	3.54411e-09 	3.55232e-09 	1.8 	1.8 	1.27564e-08 	0.171715 	1.79863 	
602.034 	3.54411e-09 	3.5523e-09 	1.8 	1.8 	1.26054e-08 	0.178933 	1.79316 	
602.079 	3.54411e-09 	3.55224e-09 	1.8 	1.8 	1.23131e-08 	0.193361 	1.78037 	
602.122 	3.54411e-09 	3.55222e-09 	1.8 	1.8 	1.20467e-08 	0.20701 	1.7671 	
602.169 	3.54408e-09 	3.55225e-09 	1.8 	1.8 	1.177e-08 	0.221648 	1.75243 	
602.236 	3.5441e-09 	3.55226e-09 	1.8 	1.8 	1.13723e-08 	0.243095 	1.73069 	
602.284 	3.54412e-09 	3.55231e-09 	1.8 	1.8 	1.1111e-08 	0.258142 	1.71538 	
602.332 	3.54411e-09 	3.55229e-09 	1.8 	1.8 	1.08584e-08 	0.273284 	1.69996 	
602.374 	3.54409e-09 	3.55225e-09 	1.8 	1.8 	1.06283e-08 	0.28674 	1.68625 	
602.424 	3.54409e-09 	3.55237e-09 	1.8 	1.8 	1.05656e-08 	0.302447 	1.67024 	
602.491 	3.54408e-09 	3.55232e-09 	1.8 	1.8 	9.80499e-09 	0.323523 	1.64876 	
602.549 	3.54408e-09 	3.55222e-09 	1.8 	1.8 	9.67223e-09 	0.341975 	1.62995 	
602.608 	3.54413e-09 	3.55222e-09 	1.8 	1.8 	9.35919e-09 	0.360463 	1.61109 	
602.672 	3.54409e-09 	3.55217e-09 	1.8 	1.8 	9.8163e-09 	0.380389 	1.59077 	
602.758 	3.5441e-09 	3.55228e-09 	1.8 	1.8 	8.59878e-09 	0.407538 	1.56306 	
602.81 	3.54412e-09 	3.55226e-09 	1.8 	1.8 	1.87374e-08 	0.423811 	1.54644 	
602.869 	3.54407e-09 	3.55224e-09 	1.8 	1.8 	-6.15479e-09 	0.442158 	1.52771 	
602.911 	3.54406e-09 	3.55229e-09 	1.8 	1.80001 	-3.1264e-08 	0.455275 	1.51431 	
602.958 	3.54411e-09 	3.55229e-09 	1.8 	1.80002 	-1.41405e-07 	0.470045 	1.49922 	
603.018 	3.54412e-09 	3.55226e-09 	1.8 	1.80002 	5.63089e-07 	0.488737 	1.48012 	
603.089 	3.54412e-09 	3.5522e-09 	1.8 	1.79999 	1.10053e-06 	0.510984 	1.45737 	
603.163 	3.54415e-09 	3.55226e-09 	1.8 	1.7998 	-1.21231e-06 	0.533796 	1.43404 	
603.226 	3.54414e-09 	3.55226e-09 	1.8 	1.79936 	-5.7712e-06 	0.553421 	1.41396 	
603.292 	3.54411e-09 	3.55238e-09 	1.8 	1.80238 	-9.41575e-06 	0.574052 	1.39285 	
603.373 	3.54396e-09 	3.55118e-09 	1.8 	1.80867 	-6.08824e-06 	0.599083 	1.36722 	
603.424 	3.5442e-09 	3.55236e-09 	1.8 	1.804 	6.22799e-05 	0.614892 	1.35103 	
603.48 	3.54445e-09 	3.5553e-09 	1.8 	1.79043 	0.000207868 	0.632075 	1.33342 	
603.559 	3.5447e-09 	3.56107e-09 	1.8 	1.76644 	0.000380247 	0.65644 	1.30844 	
603.623 	3.54116e-09 	3.53476e-09 	1.80002 	1.74611 	-0.000887142 	0.676 	1.28838 	
603.692 	3.54335e-09 	3.52753e-09 	1.80002 	1.72381 	-0.00404752 	0.697284 	1.26655 	
603.752 	3.55177e-09 	3.59597e-09 	1.80001 	1.70481 	0.00162813 	0.715394 	1.24796 	
603.807 	3.49981e-09 	3.21418e-09 	1.7999 	1.68723 	0.0165381 	0.732173 	1.23073 	
603.896 	3.57519e-09 	3.49915e-09 	1.79951 	1.65761 	0.0449469 	0.759449 	1.20271 	
603.98 	4.43834e-09 	1.30609e-08 	1.80397 	1.62736 	0.0718308 	0.784954 	1.17649 	
604.053 	-3.60681e-09 	-5.64063e-08 	1.80818 	1.60478 	0.0950747 	0.807024 	1.15379 	
604.103 	-2.65134e-09 	-9.4585e-08 	1.80158 	1.59679 	0.111072 	0.822184 	1.13819 	
604.16 	-2.57017e-09 	-1.388e-07 	1.78678 	1.59466 	0.12918 	0.839335 	1.12053 	
604.222 	9.34366e-08 	7.11308e-07 	1.76773 	1.59903 	0.149017 	0.858093 	1.1012 	
604.263 	1.41183e-07 	1.55436e-06 	1.75472 	1.604 	0.162055 	0.870415 	1.0885 	
604.301 	-1.35896e-08 	1.04742e-06 	1.74244 	1.6088 	0.174274 	0.881947 	1.07661 	
604.352 	-6.76921e-08 	4.74041e-07 	1.72605 	1.6151 	0.190514 	0.897263 	1.06081 	
604.406 	-2.33351e-08 	2.78139e-07 	1.70872 	1.62162 	0.207707 	0.913453 	1.04411 	
604.499 	-1.76437e-07 	-8.82127e-06 	1.67839 	1.6323 	0.237079 	0.941063 	1.01558 	
604.607 	1.2093e-07 	-2.68706e-05 	1.63998 	1.64402 	0.271129 	0.972969 	0.982583 	
604.676 	1.33021e-07 	0.00016578 	1.61852 	1.6512 	0.293125 	0.993524 	0.961294 	
604.763 	-8.36875e-08 	0.000442151 	1.60651 	1.65972 	0.320379 	1.01891 	0.934967 	
604.818 	3.60608e-08 	-0.00102038 	1.60759 	1.6649 	0.337666 	1.03497 	0.918289 	
604.873 	-2.12291e-08 	-0.00435997 	1.61318 	1.66996 	0.355142 	1.05115 	0.90146 	
604.919 	-2.17921e-08 	-0.00168469 	1.61867 	1.67406 	0.369732 	1.06463 	0.887422 	
604.97 	-3.47189e-08 	0.0102642 	1.62468 	1.67843 	0.38573 	1.07936 	0.872059 	
605.03 	-1.55848e-07 	0.0286833 	1.63149 	1.68335 	0.404378 	1.09647 	0.854176 	
605.104 	2.71008e-07 	0.0525769 	1.63975 	1.68928 	0.427799 	1.11785 	0.831776 	
605.168 	1.11632e-07 	0.0728542 	1.64647 	1.6941 	0.447652 	1.13587 	0.812833 	
605.229 	-1.11751e-07 	0.0932615 	1.65268 	1.69853 	0.466643 	1.15301 	0.794767 	
605.287 	-2.91622e-08 	0.113426 	1.65844 	1.70263 	0.484895 	1.16937 	0.777448 	
605.351 	7.74156e-09 	0.1286 	1.66447 	1.70692 	0.504686 	1.18697 	0.758737 	
605.417 	-1.3025e-08 	0.133696 	1.67048 	1.71118 	0.525217 	1.20508 	0.739395 	
605.488 	-9.83369e-09 	0.131211 	1.67669 	1.71556 	0.547249 	1.2243 	0.718742 	
605.555 	1.80209e-08 	0.126123 	1.68234 	1.71954 	0.568225 	1.2424 	0.699179 	
605.644 	-1.60123e-08 	0.119111 	1.6894 	1.72449 	0.595623 	1.2657 	0.673812 	
605.76 	1.76198e-08 	0.110282 	1.69804 	1.73054 	0.631415 	1.2955 	0.641029 	
605.929 	-8.57608e-09 	0.0984637 	1.70955 	1.73854 	0.683368 	1.33732 	0.594361 	
606.22 	1.46608e-08 	0.0807922 	1.72657 	1.75032 	0.772248 	1.40444 	0.517816 	
606.802 	-7.03936e-09 	0.0538703 	1.75216 	1.76784 	0.947219 	1.51844 	0.382956 	
607.966 	1.3937e-08 	0.0226969 	1.78088 	1.78728 	1.27127 	1.67057 	0.190951 	
609.374 	-6.6538e-09 	0.00754877 	1.7941 	1.79609 	1.56029 	1.7561 	0.0715865 	
610.659 	1.35538e-08 	0.0027783 	1.79795 	1.79865 	1.70211 	1.78437 	0.0275005 	
611.504 	-6.18107e-09 	0.00148609 	1.79895 	1.79931 	1.74752 	1.7919 	0.0148148 	
612.375 	1.30069e-08 	0.000772861 	1.79946 	1.79965 	1.77296 	1.79591 	0.00777956 	
613.301 	-5.67954e-09 	0.000389595 	1.79975 	1.79983 	1.78685 	1.79803 	0.00389952 	
614.604 	1.26049e-08 	0.000137525 	1.79991 	1.79994 	1.7955 	1.79933 	0.00141026 	
616.133 	-5.37983e-09 	4.26455e-05 	1.79998 	1.79999 	1.7988 	1.79982 	0.000408261 	
618.31 	1.23744e-08 	2.65004e-06 	1.79999 	1.8 	1.79988 	1.79998 	4.92741e-05 	
621.19 	-5.21602e-09 	2.14034e-06 	1.8 	1.8 	1.80001 	1.8 	-9.17461e-07 	
626.174 	1.22641e-08 	-2.1983e-06 	1.8 	1.8 	1.79999 	1.8 	2.63905e-07 	
635.328 	-5.1542e-09 	2.21796e-06 	1.8 	1.8 	1.8 	1.8 	-1.34261e-07 	
645.328 	1.22225e-08 	-2.21773e-06 	1.8 	1.8 	1.8 	1.8 	8.01953e-08 	
655.328 	-5.11495e-09 	2.23687e-06 	1.8 	1.8 	1.8 	1.8 	-3.85459e-08 	
665.328 	1.21865e-08 	-2.22153e-06 	1.8 	1.8 	1.8 	1.8 	2.61491e-08 	
675.328 	-5.07748e-09 	2.23903e-06 	1.8 	1.8 	1.8 	1.8 	-8.08761e-09 	
685.328 	1.21482e-08 	-2.22291e-06 	1.8 	1.8 	1.8 	1.8 	9.02321e-09 	
695.328 	-5.03891e-09 	2.23988e-06 	1.8 	1.8 	1.8 	1.8 	1.49373e-09 	
700 	1.20857e-08 	-2.21884e-06 	1.8 	1.8 	1.8 	1.8 	2.42514e-09 	
700.1 	3.86036e-09 	-9.69077e-10 	1.8 	1.8 	1.8 	1.8 	6.22278e-05 	
700.3 	3.28614e-09 	2.00781e-08 	1.8 	1.8 	1.8 	1.8 	0.000140243 	
700.566 	3.84808e-09 	3.20158e-09 	1.8 	1.8 	1.8 	1.8 	-0.00108095 	
700.822 	3.30903e-09 	1.55782e-08 	1.8 	1.8 	1.8 	1.8 	0.0164361 	
701 	3.78969e-09 	2.7324e-09 	1.8 	1.8 	1.8 	1.8 	0.0634168 	
701.024 	3.58898e-09 	7.6648e-09 	1.8 	1.8 	1.8 	1.8 	0.0718344 	
701.073 	3.54267e-09 	8.54534e-09 	1.8 	1.8 	1.8 	1.8 	0.0880517 	
701.143 	3.57459e-09 	7.86612e-09 	1.8 	1.8 	1.8 	1.8 	0.110687 	
701.22 	3.55093e-09 	7.86894e-09 	1.8 	1.8 	1.8 	1.8 	0.134948 	
701.317 	3.57017e-09 	7.41533e-09 	1.8 	1.8 	1.8 	1.8 	0.165885 	
701.387 	3.55081e-09 	7.37537e-09 	1.8 	1.8 	1.8 	1.8 	0.188322 	
701.458 	3.56613e-09 	7.05534e-09 	1.8 	1.8 	1.8 	1.8 	0.210678 	
701.525 	3.5519e-09 	7.00877e-09 	1.8 	1.8 	1.8 	1.8 	0.232003 	
701.597 	3.56249e-09 	6.72951e-09 	1.8 	1.8 	1.8 	1.8 	0.254767 	
701.683 	3.55226e-09 	6.63648e-09 	1.8 	1.8 	1.8 	1.8 	0.281957 	
701.775 	3.55951e-09 	6.34953e-09 	1.8 	1.8 	1.8 	1.8 	0.311193 	
701.882 	3.55171e-09 	6.22714e-09 	1.8 	1.8 	1.8 	1.8 	0.344896 	
701.986 	3.557e-09 	5.95815e-09 	1.8 	1.8 	1.8 	1.8 	0.377365 	
702.094 	3.55102e-09 	5.85308e-09 	1.8 	1.8 	1.8 	1.8 	0.411484 	
702.163 	3.5549e-09 	5.67249e-09 	1.8 	1.8 	1.8 	1.8 	0.432955 	
702.227 	3.55109e-09 	5.64304e-09 	1.8 	1.8 	1.80001 	1.8 	0.453124 	
702.302 	3.5534e-09 	5.47432e-09 	1.8 	1.8 	1.80002 	1.8 	0.476304 	
702.377 	3.55072e-09 	5.43103e-09 	1.8 	1.8 	1.80001 	1.8 	0.499911 	
702.483 	3.55207e-09 	5.2407e-09 	1.8 	1.8 	1.79984 	1.8 	0.532755 	
702.584 	3.54988e-09 	5.17686e-09 	1.8 	1.8 	1.80076 	1.8 	0.563961 	
702.673 	3.55095e-09 	5.02609e-09 	1.8 	1.80002 	1.80741 	1.8 	0.591683 	
702.753 	3.54939e-09 	4.99419e-09 	1.8 	1.80002 	1.80366 	1.8 	0.616281 	
702.835 	3.55002e-09 	4.86547e-09 	1.8 	1.79991 	1.78308 	1.8 	0.641658 	
702.926 	3.54879e-09 	4.82899e-09 	1.8 	1.79952 	1.75448 	1.8 	0.669618 	
703.011 	3.54926e-09 	4.71026e-09 	1.8 	1.80401 	1.72706 	1.8 	0.6958 	
703.103 	3.54828e-09 	4.6797e-09 	1.8 	1.80529 	1.69766 	1.8 	0.723718 	
703.159 	3.54906e-09 	4.59766e-09 	1.8 	1.79456 	1.6795 	1.8 	0.740947 	
703.224 	3.54815e-09 	4.59118e-09 	1.8 	1.77584 	1.65859 	1.8 	0.760755 	
703.31 	3.5488e-09 	4.49808e-09 	1.80001 	1.74864 	1.63087 	1.8 	0.78698 	
703.398 	3.54195e-09 	4.42133e-09 	1.80002 	1.72056 	1.60287 	1.8 	0.813433 	
703.481 	3.55356e-09 	4.38859e-09 	1.79998 	1.69385 	1.57629 	1.8 	0.838497 	
703.586 	3.51179e-09 	3.97319e-09 	1.79926 	1.66004 	1.54268 	1.8 	0.870139 	
703.668 	4.17539e-09 	1.04126e-08 	1.8022 	1.6335 	1.5163 	1.8 	0.894915 	
703.756 	-7.11997e-10 	-3.45047e-08 	1.80824 	1.60522 	1.48818 	1.8 	0.921262 	
703.813 	-4.97355e-09 	-1.01616e-07 	1.80159 	1.5871 	1.47017 	1.8 	0.938109 	
703.87 	-4.48933e-09 	-1.58789e-07 	1.78681 	1.56896 	1.45215 	1.8 	0.95494 	
703.956 	1.23648e-07 	1.15058e-06 	1.76022 	1.54135 	1.42471 	1.8 	0.980499 	
704.042 	3.58048e-09 	1.15465e-06 	1.73261 	1.51387 	1.39741 	1.8 	1.00585 	
704.15 	-1.21905e-07 	-9.31979e-07 	1.6979 	1.47951 	1.36327 	1.8 	1.03741 	
704.247 	-1.60561e-07 	-1.86959e-05 	1.66655 	1.44851 	1.33249 	1.8 	1.06574 	
704.351 	3.10702e-07 	3.96348e-05 	1.63327 	1.4156 	1.29981 	1.8 	1.09563 	
704.449 	-1.44138e-07 	0.000561707 	1.60169 	1.38439 	1.26883 	1.8 	1.12375 	
704.534 	4.37099e-08 	-0.00109028 	1.57449 	1.35751 	1.24216 	1.8 	1.14777 	
704.619 	1.57879e-08 	-0.00181027 	1.54727 	1.33063 	1.2155 	1.8 	1.17157 	
704.694 	-3.01767e-08 	0.0126512 	1.52324 	1.3069 	1.19196 	1.8 	1.19237 	
704.772 	3.63829e-08 	0.0377478 	1.49826 	1.28223 	1.16751 	1.8 	1.21375 	
704.866 	-2.94888e-08 	0.0675692 	1.46854 	1.25291 	1.13845 	1.8 	1.23883 	
704.966 	3.4921e-08 	0.0997052 	1.43656 	1.22138 	1.10722 	1.8 	1.26532 	
705.167 	-2.66972e-08 	0.163761 	1.3728 	1.15856 	1.04502 	1.8 	1.31642 	
705.569 	3.2472e-08 	0.291226 	1.24605 	1.03396 	0.921975 	1.8 	1.40995 	
706.373 	-2.50202e-08 	0.542989 	0.996528 	0.790964 	0.684698 	1.8 	1.55867 	
707.982 	3.17762e-08 	1.02794 	0.540703 	0.383951 	0.310324 	1.8 	1.72469 	
710.1 	-2.45044e-08 	1.5195 	0.157666 	0.0943046 	0.0696556 	1.8 	1.78999 	
711.254 	3.12227e-08 	1.67021 	0.0708342 	0.0409754 	0.029868 	1.8 	1.79606 	
712.177 	-2.36838e-08 	1.73363 	0.0365222 	0.0208659 	0.0151357 	1.8 	1.7981 	
713.169 	3.03523e-08 	1.76891 	0.017567 	0.00996501 	0.00721222 	1.8 	1.79914 	
714.518 	-2.29575e-08 	1.78967 	0.00615101 	0.00346971 	0.00250363 	1.8 	1.79972 	
716.224 	2.98072e-08 	1.79777 	0.00147331 	0.000828932 	0.000599734 	1.8 	1.79994 	
718.851 	-2.25638e-08 	1.79998 	4.29588e-05 	2.36878e-05 	1.52731e-05 	1.8 	1.8 	
723.079 	2.95563e-08 	1.80001 	-1.0549e-05 	-5.62638e-06 	-2.32271e-06 	1.8 	1.8 	
731.536 	-2.24206e-08 	1.79999 	6.35645e-06 	3.29382e-06 	6.53488e-07 	1.8 	1.8 	
741.536 	2.94682e-08 	1.80001 	-4.48643e-06 	-2.24708e-06 	1.01454e-07 	1.8 	1.8 	
751.536 	-2.234e-08 	1.79999 	3.43853e-06 	1.66535e-06 	-5.17595e-07 	1.8 	1.8 	
761.536 	2.93877e-08 	1.80001 	-2.83873e-06 	-1.32632e-06 	7.65243e-07 	1.8 	1.8 	
771.536 	-2.22597e-08 	1.79999 	2.51069e-06 	1.14533e-06 	-8.94661e-07 	1.8 	1.8 	
781.536 	2.93075e-08 	1.80001 	-2.31758e-06 	-1.03293e-06 	9.79802e-07 	1.8 	1.8 	
791.536 	-2.21796e-08 	1.79999 	2.21997e-06 	9.80254e-07 	-1.01736e-06 	1.8 	1.8 	
800 	2.92203e-08 	1.80001 	-2.14945e-06 	-9.35934e-07 	1.05402e-06 	1.8 	1.8 	
