0 	1.8 	0 	0 	
0.001 	1.8 	0 	0 	
0.002 	1.8 	0 	0 	
0.004 	1.8 	0 	0 	
0.008 	1.8 	0 	0 	
0.016 	1.8 	0 	0 	
0.032 	1.8 	0 	0 	
0.064 	1.8 	0 	0 	
0.128 	1.8 	0 	0 	
0.228 	1.8 	0 	0 	
0.328 	1.8 	0 	0 	
0.428 	1.8 	0 	0 	
0.528 	1.8 	0 	0 	
0.628 	1.8 	0 	0 	
0.728 	1.8 	0 	0 	
0.828 	1.8 	0 	0 	
0.928 	1.8 	0 	0 	
1.028 	1.8 	0 	0 	
1.128 	1.8 	0 	0 	
1.228 	1.8 	0 	0 	
1.328 	1.8 	0 	0 	
1.428 	1.8 	0 	0 	
1.528 	1.8 	0 	0 	
1.628 	1.8 	0 	0 	
1.728 	1.8 	0 	0 	
1.828 	1.8 	0 	0 	
1.928 	1.8 	0 	0 	
2.028 	1.8 	0 	0 	
2.128 	1.8 	0 	0 	
2.228 	1.8 	0 	0 	
2.328 	1.8 	0 	0 	
2.428 	1.8 	0 	0 	
2.5 	1.8 	0 	0 	
2.5 	1.80844 	0.18 	0.18 	
2.5 	1.82796 	0.54 	0.54 	
2.50001 	1.85122 	1.26 	1.26 	
2.50001 	1.86972 	1.8 	1.8 	
2.50001 	1.8711 	1.8 	1.8 	
2.50001 	1.87258 	1.8 	1.8 	
2.50001 	1.87267 	1.8 	1.8 	
2.50002 	1.87234 	1.8 	1.8 	
2.50002 	1.87292 	1.8 	1.8 	
2.50003 	1.87414 	1.8 	1.8 	
2.50004 	1.87671 	1.8 	1.8 	
2.50007 	1.88066 	1.8 	1.8 	
2.50013 	1.88423 	1.8 	1.8 	
2.50025 	1.8843 	1.8 	1.8 	
2.50036 	1.88403 	1.8 	1.8 	
2.50052 	1.88475 	1.8 	1.8 	
2.50076 	1.88524 	1.8 	1.8 	
2.50124 	1.88474 	1.8 	1.8 	
2.50202 	1.88245 	1.8 	1.8 	
2.50357 	1.87657 	1.8 	1.8 	
2.50548 	1.86857 	1.8 	1.8 	
2.50932 	1.8519 	1.8 	1.8 	
2.51383 	1.83193 	1.8 	1.8 	
2.52112 	1.79906 	1.8 	1.8 	
2.53152 	1.75199 	1.8 	1.8 	
2.54772 	1.67794 	1.8 	1.8 	
2.57493 	1.55359 	1.8 	1.8 	
2.62506 	1.32484 	1.8 	1.8 	
2.72506 	0.879975 	1.8 	1.8 	
2.82506 	0.487218 	1.8 	1.8 	
2.92506 	0.219062 	1.8 	1.8 	
3.02506 	0.0842218 	1.8 	1.8 	
3.12506 	0.0300641 	1.8 	1.8 	
3.22506 	0.0103963 	1.8 	1.8 	
3.32506 	0.00391816 	1.8 	1.8 	
3.42506 	0.00149042 	1.8 	1.8 	
3.52506 	0.000867831 	1.8 	1.8 	
3.62506 	0.000429984 	1.8 	1.8 	
3.72506 	0.000453684 	1.8 	1.8 	
3.82506 	0.00025888 	1.8 	1.8 	
3.92506 	0.000351383 	1.8 	1.8 	
4.02506 	0.000202364 	1.8 	1.8 	
4.12506 	0.000297598 	1.8 	1.8 	
4.22506 	0.000169176 	1.8 	1.8 	
4.32506 	0.000258612 	1.8 	1.8 	
4.42506 	0.000145586 	1.8 	1.8 	
4.52506 	0.000227809 	1.8 	1.8 	
4.62506 	0.000127892 	1.8 	1.8 	
4.72506 	0.000202604 	1.8 	1.8 	
4.82506 	0.000114293 	1.8 	1.8 	
4.92506 	0.000181497 	1.8 	1.8 	
5.02506 	0.000103672 	1.8 	1.8 	
5.12506 	0.000163496 	1.8 	1.8 	
5.22506 	9.52789e-05 	1.8 	1.8 	
5.32506 	0.00014791 	1.8 	1.8 	
5.42506 	8.85884e-05 	1.8 	1.8 	
5.52506 	0.000134242 	1.8 	1.8 	
5.62506 	8.32231e-05 	1.8 	1.8 	
5.72506 	0.000122124 	1.8 	1.8 	
5.82506 	7.89051e-05 	1.8 	1.8 	
5.92506 	0.000111279 	1.8 	1.8 	
6.02506 	7.54257e-05 	1.8 	1.8 	
6.12506 	0.000101495 	1.8 	1.8 	
6.22506 	7.26252e-05 	1.8 	1.8 	
6.32506 	9.26029e-05 	1.8 	1.8 	
6.42506 	7.03796e-05 	1.8 	1.8 	
6.52506 	8.44715e-05 	1.8 	1.8 	
6.62506 	6.85914e-05 	1.8 	1.8 	
6.72506 	7.69937e-05 	1.8 	1.8 	
6.82506 	6.71832e-05 	1.8 	1.8 	
6.92506 	7.00828e-05 	1.8 	1.8 	
7.02506 	6.60924e-05 	1.8 	1.8 	
7.12506 	6.36672e-05 	1.8 	1.8 	
7.22506 	6.52683e-05 	1.8 	1.8 	
7.32506 	5.76875e-05 	1.8 	1.8 	
7.42506 	6.46694e-05 	1.8 	1.8 	
7.50001 	5.22472e-05 	1.8 	1.8 	
7.50001 	-0.00105066 	1.62 	1.8 	
7.50001 	-0.006082 	1.26 	1.8 	
7.50002 	-0.0150846 	0.773207 	1.8 	
7.50002 	-0.0221555 	0.20899 	1.8 	
7.50002 	-0.0229749 	0 	1.8 	
7.50002 	-0.0229948 	0 	1.8 	
7.50002 	-0.0230619 	0 	1.8 	
7.50002 	-0.0231875 	0 	1.8 	
7.50003 	-0.0233486 	0 	1.8 	
7.50003 	-0.0234666 	0 	1.8 	
7.50004 	-0.0235835 	0 	1.8 	
7.50006 	-0.0236154 	0 	1.8 	
7.50008 	-0.0235062 	0 	1.8 	
7.50013 	-0.0232558 	0 	1.8 	
7.50022 	-0.0228045 	0 	1.8 	
7.50039 	-0.0223472 	0 	1.8 	
7.50062 	-0.0222005 	0 	1.8 	
7.501 	-0.0221289 	0 	1.8 	
7.50166 	-0.0220529 	0 	1.8 	
7.50299 	-0.0219015 	0 	1.8 	
7.50563 	-0.0216021 	0 	1.8 	
7.51092 	-0.0210169 	0 	1.8 	
7.5215 	-0.0198917 	0 	1.8 	
7.54265 	-0.0178191 	0 	1.8 	
7.58496 	-0.0142876 	0 	1.8 	
7.66958 	-0.00913692 	0 	1.8 	
7.76958 	-0.00536824 	0 	1.8 	
7.86958 	-0.00315604 	0 	1.8 	
7.96958 	-0.00185448 	0 	1.8 	
8.06958 	-0.00109083 	0 	1.8 	
8.16958 	-0.000640526 	0 	1.8 	
8.26958 	-0.000377229 	0 	1.8 	
8.36958 	-0.000220741 	0 	1.8 	
8.46958 	-0.000130169 	0 	1.8 	
8.56958 	-7.56663e-05 	0 	1.8 	
8.66958 	-4.50622e-05 	0 	1.8 	
8.76958 	-2.5685e-05 	0 	1.8 	
8.86958 	-1.57465e-05 	0 	1.8 	
8.96958 	-8.3345e-06 	0 	1.8 	
9.06958 	-5.50107e-06 	0 	1.8 	
9.16958 	-2.3249e-06 	0 	1.8 	
9.26958 	-2.02206e-06 	0 	1.8 	
9.36958 	-2.62136e-07 	0 	1.8 	
9.46958 	-8.33412e-07 	0 	1.8 	
9.56958 	4.57447e-07 	0 	1.8 	
9.66958 	-4.24157e-07 	0 	1.8 	
9.76958 	7.10562e-07 	0 	1.8 	
9.86958 	-2.85521e-07 	0 	1.8 	
9.96958 	8.01659e-07 	0 	1.8 	
10.0696 	-2.40828e-07 	0 	1.8 	
10.1696 	8.36462e-07 	0 	1.8 	
10.2696 	-2.28724e-07 	0 	1.8 	
10.3696 	8.51685e-07 	0 	1.8 	
10.4696 	-2.27905e-07 	0 	1.8 	
10.5696 	8.60078e-07 	0 	1.8 	
10.6696 	-2.30971e-07 	0 	1.8 	
10.7696 	8.6607e-07 	0 	1.8 	
10.8696 	-2.35354e-07 	0 	1.8 	
10.9696 	8.71198e-07 	0 	1.8 	
11.0696 	-2.40163e-07 	0 	1.8 	
11.1696 	8.75996e-07 	0 	1.8 	
11.2696 	-2.45087e-07 	0 	1.8 	
11.3696 	8.80651e-07 	0 	1.8 	
11.4696 	-2.5002e-07 	0 	1.8 	
11.5696 	8.85227e-07 	0 	1.8 	
11.6696 	-2.54925e-07 	0 	1.8 	
11.7696 	8.89747e-07 	0 	1.8 	
11.8696 	-2.59789e-07 	0 	1.8 	
11.9696 	8.94219e-07 	0 	1.8 	
12.0696 	-2.64608e-07 	0 	1.8 	
12.1696 	8.98647e-07 	0 	1.8 	
12.2696 	-2.69381e-07 	0 	1.8 	
12.3696 	9.03031e-07 	0 	1.8 	
12.4696 	-2.74109e-07 	0 	1.8 	
12.5 	9.63874e-07 	0 	1.8 	
12.5 	0.000519393 	0.18 	1.8 	
12.5 	0.00199545 	0.54 	1.8 	
12.5 	0.00145126 	1.26 	1.8 	
12.5 	-0.00153196 	1.8 	1.8 	
12.5 	-0.00395926 	1.8 	1.70878 	
12.5 	-0.010472 	1.8 	1.52633 	
12.5 	-0.0258587 	1.8 	1.16144 	
12.5 	-0.0448774 	1.8 	0.431653 	
12.5 	-0.0502638 	1.8 	0 	
12.5 	-0.0504729 	1.8 	0 	
12.5 	-0.0507373 	1.8 	0 	
12.5 	-0.0512015 	1.8 	0 	
12.5 	-0.0520327 	1.8 	0 	
12.5 	-0.0532503 	1.8 	0 	
12.5 	-0.0546403 	1.8 	0 	
12.5001 	-0.0551821 	1.8 	0 	
12.5001 	-0.0534512 	1.8 	0 	
12.5002 	-0.0498361 	1.8 	0 	
12.5004 	-0.0476727 	1.8 	0 	
12.5006 	-0.0461448 	1.8 	0 	
12.5009 	-0.0446978 	1.8 	0 	
12.5015 	-0.0421956 	1.8 	0 	
12.5026 	-0.0380325 	1.8 	0 	
12.5047 	-0.0303318 	1.8 	0 	
12.509 	-0.0170581 	1.8 	0 	
12.5176 	0.00297842 	1.8 	0 	
12.5347 	0.0269125 	1.8 	0 	
12.5689 	0.0456965 	1.8 	0 	
12.6375 	0.0480134 	1.8 	0 	
12.7375 	0.0356313 	1.8 	0 	
12.8375 	0.0243433 	1.8 	0 	
12.9375 	0.016379 	1.8 	0 	
13.0375 	0.0110755 	1.8 	0 	
13.1375 	0.00760773 	1.8 	0 	
13.2375 	0.00535339 	1.8 	0 	
13.3375 	0.00386927 	1.8 	0 	
13.4375 	0.00289435 	1.8 	0 	
13.5375 	0.00223234 	1.8 	0 	
13.6375 	0.00178652 	1.8 	0 	
13.7375 	0.00146676 	1.8 	0 	
13.8375 	0.00124457 	1.8 	0 	
13.9375 	0.00107261 	1.8 	0 	
14.0375 	0.000949874 	1.8 	0 	
14.1375 	0.000845895 	1.8 	0 	
14.2375 	0.000771939 	1.8 	0 	
14.3375 	0.000702658 	1.8 	0 	
14.4375 	0.000652841 	1.8 	0 	
14.5375 	0.000601774 	1.8 	0 	
14.6375 	0.000566193 	1.8 	0 	
14.7375 	0.000526319 	1.8 	0 	
14.8375 	0.000499858 	1.8 	0 	
14.9375 	0.000467398 	1.8 	0 	
15.0375 	0.000447188 	1.8 	0 	
15.1375 	0.00041994 	1.8 	0 	
15.2375 	0.000404241 	1.8 	0 	
15.3375 	0.000380824 	1.8 	0 	
15.4375 	0.000368507 	1.8 	0 	
15.5375 	0.000348002 	1.8 	0 	
15.6375 	0.000338319 	1.8 	0 	
15.7375 	0.000320077 	1.8 	0 	
15.8375 	0.000312516 	1.8 	0 	
15.9375 	0.000296054 	1.8 	0 	
16.0375 	0.000290191 	1.8 	0 	
16.1375 	0.000275162 	1.8 	0 	
16.2375 	0.000270683 	1.8 	0 	
16.3375 	0.000256828 	1.8 	0 	
16.4375 	0.000253495 	1.8 	0 	
16.5375 	0.000240614 	1.8 	0 	
16.6375 	0.00023824 	1.8 	0 	
16.7375 	0.000226176 	1.8 	0 	
16.8375 	0.000224614 	1.8 	0 	
16.9375 	0.000213243 	1.8 	0 	
17.0375 	0.000212373 	1.8 	0 	
17.1375 	0.000201594 	1.8 	0 	
17.2375 	0.000201319 	1.8 	0 	
17.3375 	0.000191052 	1.8 	0 	
17.4375 	0.000191291 	1.8 	0 	
17.5 	0.000183269 	1.8 	0 	
17.5 	-0.00168985 	1.62 	0 	
17.5 	-0.00646369 	1.26 	0 	
17.5 	-0.0165221 	0.683164 	0 	
17.5 	-0.0227179 	0.0816182 	0 	
17.5 	-0.0229754 	0 	0 	
17.5 	-0.0230407 	0 	0 	
17.5 	-0.0231173 	0 	0 	
17.5 	-0.0232432 	0 	0 	
17.5 	-0.0234981 	0 	0 	
17.5 	-0.0237243 	0 	0 	
17.5 	-0.0240902 	0 	0 	
17.5 	-0.0244559 	0 	0 	
17.5001 	-0.0244347 	0 	0 	
17.5001 	-0.0239061 	0 	0 	
17.5002 	-0.0229595 	0 	0 	
17.5003 	-0.0222533 	0 	0 	
17.5005 	-0.0222766 	0 	0 	
17.5007 	-0.0223175 	0 	0 	
17.5011 	-0.0223261 	0 	0 	
17.5019 	-0.0223191 	0 	0 	
17.5034 	-0.0223266 	0 	0 	
17.5065 	-0.0223249 	0 	0 	
17.5128 	-0.0224956 	0 	0 	
17.5252 	-0.0276512 	0 	0 	
17.5501 	-0.0339582 	0 	0 	
17.5922 	-0.00875348 	0 	0 	
17.6364 	0.0366169 	0 	0 	
17.7248 	0.131819 	0 	0 	
17.8248 	0.239394 	0 	0 	
17.9248 	0.346811 	0 	0 	
18.0248 	0.453485 	0 	0 	
18.1248 	0.559997 	0 	0 	
18.2248 	0.665763 	0 	0 	
18.3248 	0.771176 	0 	0 	
18.4248 	0.875637 	0 	0 	
18.5248 	0.979361 	0 	0 	
18.6248 	1.08122 	0 	0 	
18.7248 	1.17985 	0 	0 	
18.8248 	1.27171 	0 	0 	
18.9248 	1.3549 	0 	0 	
19.0248 	1.42841 	0 	0 	
19.1248 	1.49265 	0 	0 	
19.2248 	1.54773 	0 	0 	
19.3248 	1.59452 	0 	0 	
19.4248 	1.63356 	0 	0 	
19.5248 	1.66598 	0 	0 	
19.6248 	1.69245 	0 	0 	
19.7248 	1.71409 	0 	0 	
19.8248 	1.73149 	0 	0 	
19.9248 	1.74558 	0 	0 	
20.0248 	1.75676 	0 	0 	
20.1248 	1.76579 	0 	0 	
20.2248 	1.77287 	0 	0 	
20.3248 	1.7786 	0 	0 	
20.4248 	1.78304 	0 	0 	
20.5248 	1.78666 	0 	0 	
20.6248 	1.78942 	0 	0 	
20.7248 	1.79171 	0 	0 	
20.8248 	1.79341 	0 	0 	
20.9248 	1.79483 	0 	0 	
21.0248 	1.79574 	0 	0 	
21.1248 	1.79657 	0 	0 	
21.2248 	1.79714 	0 	0 	
21.3248 	1.7977 	0 	0 	
21.4248 	1.79806 	0 	0 	
21.5248 	1.79844 	0 	0 	
21.6248 	1.79864 	0 	0 	
21.7248 	1.79891 	0 	0 	
21.8248 	1.799 	0 	0 	
21.9248 	1.7992 	0 	0 	
22.0248 	1.79922 	0 	0 	
22.1248 	1.79938 	0 	0 	
22.2248 	1.79936 	0 	0 	
22.3248 	1.79949 	0 	0 	
22.4248 	1.79945 	0 	0 	
22.5 	1.79954 	0 	0 	
22.5 	1.80797 	0.18 	0.18 	
22.5 	1.82748 	0.54 	0.54 	
22.5 	1.85074 	1.26 	1.26 	
22.5 	1.86923 	1.8 	1.8 	
22.5 	1.87061 	1.8 	1.8 	
22.5 	1.87209 	1.8 	1.8 	
22.5 	1.87219 	1.8 	1.8 	
22.5 	1.87185 	1.8 	1.8 	
22.5 	1.87243 	1.8 	1.8 	
22.5 	1.87365 	1.8 	1.8 	
22.5 	1.87621 	1.8 	1.8 	
22.5001 	1.88015 	1.8 	1.8 	
22.5001 	1.88371 	1.8 	1.8 	
22.5002 	1.88376 	1.8 	1.8 	
22.5004 	1.88349 	1.8 	1.8 	
22.5005 	1.8842 	1.8 	1.8 	
22.5008 	1.88469 	1.8 	1.8 	
22.5012 	1.88419 	1.8 	1.8 	
22.502 	1.88189 	1.8 	1.8 	
22.5036 	1.876 	1.8 	1.8 	
22.5055 	1.86799 	1.8 	1.8 	
22.5093 	1.85128 	1.8 	1.8 	
22.5139 	1.83126 	1.8 	1.8 	
22.5212 	1.7983 	1.8 	1.8 	
22.5316 	1.75108 	1.8 	1.8 	
22.5479 	1.67674 	1.8 	1.8 	
22.5752 	1.55186 	1.8 	1.8 	
22.6256 	1.32193 	1.8 	1.8 	
22.7256 	0.877197 	1.8 	1.8 	
22.8256 	0.485051 	1.8 	1.8 	
22.9256 	0.217828 	1.8 	1.8 	
23.0256 	0.0836851 	1.8 	1.8 	
23.1256 	0.0298642 	1.8 	1.8 	
23.2256 	0.010328 	1.8 	1.8 	
23.3256 	0.0038944 	1.8 	1.8 	
23.4256 	0.00148288 	1.8 	1.8 	
23.5256 	0.00086463 	1.8 	1.8 	
23.6256 	0.000429201 	1.8 	1.8 	
23.7256 	0.000452871 	1.8 	1.8 	
23.8256 	0.000258825 	1.8 	1.8 	
23.9256 	0.000350938 	1.8 	1.8 	
24.0256 	0.000202378 	1.8 	1.8 	
24.1256 	0.000297271 	1.8 	1.8 	
24.2256 	0.000169179 	1.8 	1.8 	
24.3256 	0.000258361 	1.8 	1.8 	
24.4256 	0.000145565 	1.8 	1.8 	
24.5256 	0.00022762 	1.8 	1.8 	
24.6256 	0.000127845 	1.8 	1.8 	
24.7256 	0.000202468 	1.8 	1.8 	
24.8256 	0.000114221 	1.8 	1.8 	
24.9256 	0.000181407 	1.8 	1.8 	
25.0256 	0.000103574 	1.8 	1.8 	
25.1256 	0.000163447 	1.8 	1.8 	
25.2256 	9.51565e-05 	1.8 	1.8 	
25.3256 	0.000147898 	1.8 	1.8 	
25.4256 	8.84422e-05 	1.8 	1.8 	
25.5256 	0.000134263 	1.8 	1.8 	
25.6256 	8.30541e-05 	1.8 	1.8 	
25.7256 	0.000122177 	1.8 	1.8 	
25.8256 	7.87142e-05 	1.8 	1.8 	
25.9256 	0.000111362 	1.8 	1.8 	
26.0256 	7.52138e-05 	1.8 	1.8 	
26.1256 	0.000101604 	1.8 	1.8 	
26.2256 	7.23931e-05 	1.8 	1.8 	
26.3256 	9.27378e-05 	1.8 	1.8 	
26.4256 	7.01282e-05 	1.8 	1.8 	
26.5256 	8.46304e-05 	1.8 	1.8 	
26.6256 	6.83216e-05 	1.8 	1.8 	
26.7256 	7.71754e-05 	1.8 	1.8 	
26.8256 	6.68956e-05 	1.8 	1.8 	
26.9256 	7.02859e-05 	1.8 	1.8 	
27.0256 	6.57877e-05 	1.8 	1.8 	
27.1256 	6.38908e-05 	1.8 	1.8 	
27.2256 	6.49472e-05 	1.8 	1.8 	
27.3256 	5.79306e-05 	1.8 	1.8 	
27.4256 	6.43324e-05 	1.8 	1.8 	
27.5 	5.25124e-05 	1.8 	1.8 	
27.5 	-0.00105021 	1.62 	1.8 	
27.5 	-0.00608135 	1.26 	1.8 	
27.5 	-0.0150839 	0.773214 	1.8 	
27.5 	-0.022155 	0.208999 	1.8 	
27.5 	-0.0229745 	3.19567e-10 	1.8 	
27.5 	-0.0229944 	0 	1.8 	
27.5 	-0.0230615 	0 	1.8 	
27.5 	-0.0231872 	0 	1.8 	
27.5 	-0.0233484 	0 	1.8 	
27.5 	-0.0234665 	0 	1.8 	
27.5 	-0.0235835 	0 	1.8 	
27.5001 	-0.0236157 	0 	1.8 	
27.5001 	-0.0235067 	0 	1.8 	
27.5001 	-0.0232564 	0 	1.8 	
27.5002 	-0.022805 	0 	1.8 	
27.5004 	-0.0223476 	0 	1.8 	
27.5006 	-0.0222008 	0 	1.8 	
27.501 	-0.0221292 	0 	1.8 	
27.5017 	-0.0220532 	0 	1.8 	
27.503 	-0.0219018 	0 	1.8 	
27.5056 	-0.0216024 	0 	1.8 	
27.5109 	-0.0210172 	0 	1.8 	
27.5215 	-0.019892 	0 	1.8 	
27.5426 	-0.0178196 	0 	1.8 	
27.585 	-0.0142881 	0 	1.8 	
27.6696 	-0.00913752 	0 	1.8 	
27.7696 	-0.0053686 	0 	1.8 	
27.8696 	-0.00315625 	0 	1.8 	
27.9696 	-0.0018546 	0 	1.8 	
28.0696 	-0.0010909 	0 	1.8 	
28.1696 	-0.000640568 	0 	1.8 	
28.2696 	-0.000377254 	0 	1.8 	
28.3696 	-0.000220755 	0 	1.8 	
28.4696 	-0.000130178 	0 	1.8 	
28.5696 	-7.56712e-05 	0 	1.8 	
28.6696 	-4.50653e-05 	0 	1.8 	
28.7696 	-2.56867e-05 	0 	1.8 	
28.8696 	-1.57476e-05 	0 	1.8 	
28.9696 	-8.33506e-06 	0 	1.8 	
29.0696 	-5.50154e-06 	0 	1.8 	
29.1696 	-2.32507e-06 	0 	1.8 	
29.2696 	-2.0223e-06 	0 	1.8 	
29.3696 	-2.62184e-07 	0 	1.8 	
29.4696 	-8.33592e-07 	0 	1.8 	
29.5696 	4.57445e-07 	0 	1.8 	
29.6696 	-4.24314e-07 	0 	1.8 	
29.7696 	7.10578e-07 	0 	1.8 	
29.8696 	-2.85673e-07 	0 	1.8 	
29.9696 	8.01682e-07 	0 	1.8 	
30 	-2.06608e-07 	0 	1.8 	
