0 	-9.19037e-33 	2.21966e-36 	1.61247e-35 	8.43596e-35 	3.70279e-34 	0 	0 	
0.01 	7.29161e-07 	1.05195e-08 	1.02171e-08 	1.0217e-08 	1.0217e-08 	1.0217e-08 	1.02172e-08 	
0.02 	1.96017e-06 	2.10892e-08 	2.03806e-08 	2.03804e-08 	2.03804e-08 	2.03807e-08 	2.03823e-08 	
0.03 	3.35955e-06 	3.17401e-08 	3.05038e-08 	3.05034e-08 	3.05035e-08 	3.05045e-08 	3.05098e-08 	
0.04 	5.09693e-06 	4.25103e-08 	4.05967e-08 	4.05961e-08 	4.05963e-08 	4.05986e-08 	4.06112e-08 	
0.05 	7.26035e-06 	5.34546e-08 	5.06668e-08 	5.06659e-08 	5.06662e-08 	5.06708e-08 	5.06953e-08 	
0.06 	9.98644e-06 	6.46525e-08 	6.07197e-08 	6.07184e-08 	6.0719e-08 	6.07269e-08 	6.07693e-08 	
0.07 	1.34582e-05 	7.62127e-08 	7.07598e-08 	7.0758e-08 	7.07589e-08 	7.07714e-08 	7.08387e-08 	
0.08 	1.79034e-05 	8.82793e-08 	8.07903e-08 	8.07878e-08 	8.07891e-08 	8.08078e-08 	8.09083e-08 	
0.09 	2.35985e-05 	1.01043e-07 	9.08136e-08 	9.08103e-08 	9.08121e-08 	9.08388e-08 	9.09818e-08 	
0.1 	3.08773e-05 	1.14758e-07 	1.00832e-07 	1.00827e-07 	1.0083e-07 	1.00866e-07 	1.01062e-07 	
0.11 	4.01403e-05 	1.29765e-07 	1.10846e-07 	1.1084e-07 	1.10843e-07 	1.10892e-07 	1.11153e-07 	
0.12 	5.18652e-05 	1.46522e-07 	1.20858e-07 	1.20849e-07 	1.20854e-07 	1.20917e-07 	1.21256e-07 	
0.13 	6.66177e-05 	1.65643e-07 	1.30868e-07 	1.30857e-07 	1.30862e-07 	1.30943e-07 	1.31374e-07 	
0.14 	8.50617e-05 	1.87956e-07 	1.40878e-07 	1.40862e-07 	1.40869e-07 	1.4097e-07 	1.41508e-07 	
0.15 	0.000107971 	2.14575e-07 	1.50887e-07 	1.50866e-07 	1.50875e-07 	1.50998e-07 	1.5166e-07 	
0.16 	0.000136239 	2.46995e-07 	1.60898e-07 	1.60869e-07 	1.6088e-07 	1.6103e-07 	1.61833e-07 	
0.17 	0.000170897 	2.87224e-07 	1.7091e-07 	1.70872e-07 	1.70884e-07 	1.71064e-07 	1.72028e-07 	
0.18 	0.000213122 	3.37955e-07 	1.80926e-07 	1.80873e-07 	1.80888e-07 	1.81102e-07 	1.82246e-07 	
0.19 	0.000264264 	4.02794e-07 	1.90946e-07 	1.90875e-07 	1.90892e-07 	1.91143e-07 	1.92489e-07 	
0.2 	0.000325863 	4.86561e-07 	2.00972e-07 	2.00876e-07 	2.00896e-07 	2.01189e-07 	2.02758e-07 	
0.21 	0.000399681 	5.95689e-07 	2.11007e-07 	2.10877e-07 	2.109e-07 	2.11239e-07 	2.13056e-07 	
0.22 	0.000487735 	7.38742e-07 	2.21054e-07 	2.20877e-07 	2.20905e-07 	2.21294e-07 	2.23383e-07 	
0.23 	0.000592342 	9.27095e-07 	2.31117e-07 	2.30878e-07 	2.30909e-07 	2.31354e-07 	2.33741e-07 	
0.24 	0.000716173 	1.17581e-06 	2.41202e-07 	2.40878e-07 	2.40914e-07 	2.41419e-07 	2.44131e-07 	
0.25 	0.000862311 	1.50479e-06 	2.51316e-07 	2.50878e-07 	2.50919e-07 	2.5149e-07 	2.54555e-07 	
0.26 	0.00103433 	1.94018e-06 	2.61471e-07 	2.60879e-07 	2.60924e-07 	2.61566e-07 	2.65014e-07 	
0.27 	0.00123637 	2.51625e-06 	2.7168e-07 	2.70879e-07 	2.70929e-07 	2.71649e-07 	2.7551e-07 	
0.28 	0.00147327 	3.27769e-06 	2.81963e-07 	2.80879e-07 	2.80935e-07 	2.81738e-07 	2.86044e-07 	
0.29 	0.00175063 	4.28245e-06 	2.92346e-07 	2.9088e-07 	2.90942e-07 	2.91833e-07 	2.96618e-07 	
0.3 	0.00207503 	5.60526e-06 	3.02863e-07 	3.0088e-07 	3.00949e-07 	3.01935e-07 	3.07232e-07 	
0.31 	0.00245411 	7.34183e-06 	3.13561e-07 	3.1088e-07 	3.10956e-07 	3.12045e-07 	3.17889e-07 	
0.32 	0.00289682 	9.61394e-06 	3.24505e-07 	3.20881e-07 	3.20964e-07 	3.22161e-07 	3.2859e-07 	
0.33 	0.00341365 	1.25752e-05 	3.35781e-07 	3.30881e-07 	3.30972e-07 	3.32285e-07 	3.39335e-07 	
0.34 	0.00401685 	1.6418e-05 	3.47505e-07 	3.40882e-07 	3.40981e-07 	3.42417e-07 	3.50128e-07 	
0.35 	0.0047208 	2.13806e-05 	3.59832e-07 	3.50883e-07 	3.5099e-07 	3.52557e-07 	3.60968e-07 	
0.36 	0.00554236 	2.7756e-05 	3.72976e-07 	3.60884e-07 	3.61e-07 	3.62705e-07 	3.71858e-07 	
0.37 	0.00650134 	3.59002e-05 	3.87221e-07 	3.70885e-07 	3.7101e-07 	3.72861e-07 	3.82798e-07 	
0.38 	0.00762103 	4.62421e-05 	4.0295e-07 	3.80887e-07 	3.81021e-07 	3.83026e-07 	3.93791e-07 	
0.39 	0.00892887 	5.92925e-05 	4.20682e-07 	3.9089e-07 	3.91033e-07 	3.932e-07 	4.04837e-07 	
0.4 	0.0104572 	7.56547e-05 	4.4111e-07 	4.00894e-07 	4.01045e-07 	4.03384e-07 	4.15938e-07 	
0.41 	0.0122443 	9.60346e-05 	4.65172e-07 	4.10898e-07 	4.11058e-07 	4.13576e-07 	4.27096e-07 	
0.42 	0.0143354 	0.000121251 	4.94123e-07 	4.20905e-07 	4.21071e-07 	4.23778e-07 	4.38311e-07 	
0.43 	0.0167841 	0.000152249 	5.29652e-07 	4.30914e-07 	4.31085e-07 	4.3399e-07 	4.49586e-07 	
0.44 	0.0196543 	0.000190112 	5.74021e-07 	4.40925e-07 	4.411e-07 	4.44213e-07 	4.60921e-07 	
0.45 	0.0230219 	0.000236078 	6.3026e-07 	4.50941e-07 	4.51115e-07 	4.54445e-07 	4.72319e-07 	
0.46 	0.0269774 	0.000291563 	7.02418e-07 	4.60963e-07 	4.61131e-07 	4.64688e-07 	4.8378e-07 	
0.47 	0.0316292 	0.000358181 	7.95904e-07 	4.70991e-07 	4.71148e-07 	4.74942e-07 	4.95305e-07 	
0.48 	0.0371069 	0.000437779 	9.17918e-07 	4.8103e-07 	4.81166e-07 	4.85207e-07 	5.06897e-07 	
0.49 	0.043566 	0.000532473 	1.07804e-06 	4.91083e-07 	4.91184e-07 	4.95483e-07 	5.18557e-07 	
0.5 	0.0511931 	0.000644694 	1.28895e-06 	5.01154e-07 	5.01203e-07 	5.0577e-07 	5.30286e-07 	
0.51 	0.0602124 	0.000777244 	1.56743e-06 	5.11249e-07 	5.11223e-07 	5.16069e-07 	5.42085e-07 	
0.52 	0.0708928 	0.000933361 	1.93557e-06 	5.21379e-07 	5.21244e-07 	5.26381e-07 	5.53956e-07 	
0.53 	0.083557 	0.0011168 	2.42239e-06 	5.31553e-07 	5.31265e-07 	5.36704e-07 	5.659e-07 	
0.54 	0.0985915 	0.00133192 	3.06578e-06 	5.41789e-07 	5.41288e-07 	5.4704e-07 	5.77919e-07 	
0.55 	0.116457 	0.0015838 	3.91501e-06 	5.52108e-07 	5.51311e-07 	5.57388e-07 	5.90014e-07 	
0.56 	0.137703 	0.00187834 	5.03381e-06 	5.62538e-07 	5.61335e-07 	5.6775e-07 	6.02187e-07 	
0.57 	0.162976 	0.00222244 	6.50411e-06 	5.73119e-07 	5.7136e-07 	5.78124e-07 	6.14438e-07 	
0.58 	0.193038 	0.00262416 	8.4305e-06 	5.83903e-07 	5.81386e-07 	5.88512e-07 	6.26769e-07 	
0.59 	0.228775 	0.00309291 	1.09455e-05 	5.94963e-07 	5.91413e-07 	5.98913e-07 	6.39182e-07 	
0.6 	0.271208 	0.00363971 	1.42158e-05 	6.06393e-07 	6.01441e-07 	6.09329e-07 	6.51679e-07 	
0.61 	0.321503 	0.00427744 	1.84489e-05 	6.18324e-07 	6.1147e-07 	6.19758e-07 	6.64259e-07 	
0.62 	0.380973 	0.00502124 	2.39014e-05 	6.30931e-07 	6.215e-07 	6.30201e-07 	6.76926e-07 	
0.63 	0.451074 	0.00588883 	3.08866e-05 	6.44448e-07 	6.31532e-07 	6.40659e-07 	6.89679e-07 	
0.64 	0.5334 	0.00690104 	3.97841e-05 	6.59193e-07 	6.41565e-07 	6.51132e-07 	7.02522e-07 	
0.65 	0.629665 	0.0080824 	5.10487e-05 	6.75593e-07 	6.51599e-07 	6.6162e-07 	7.15454e-07 	
0.66 	0.741682 	0.00946175 	6.52201e-05 	6.94224e-07 	6.61635e-07 	6.72123e-07 	7.28477e-07 	
0.67 	0.871333 	0.0110732 	8.29327e-05 	7.15857e-07 	6.71674e-07 	6.82641e-07 	7.41594e-07 	
0.68 	1.02053 	0.0129569 	0.000104926 	7.41531e-07 	6.81714e-07 	6.93175e-07 	7.54804e-07 	
0.69 	1.1912 	0.0151606 	0.000132055 	7.72641e-07 	6.91758e-07 	7.03725e-07 	7.6811e-07 	
0.7 	1.38522 	0.0177409 	0.000165303 	8.11057e-07 	7.01805e-07 	7.14291e-07 	7.81513e-07 	
0.71 	1.60439 	0.020765 	0.000205796 	8.59282e-07 	7.11857e-07 	7.24874e-07 	7.95014e-07 	
0.72 	1.85042 	0.0243129 	0.000254819 	9.20669e-07 	7.21914e-07 	7.35473e-07 	8.08615e-07 	
0.73 	2.12488 	0.0284803 	0.00031384 	9.99693e-07 	7.31978e-07 	7.46088e-07 	8.22317e-07 	
0.74 	2.42921 	0.0333815 	0.000384532 	1.10232e-06 	7.42052e-07 	7.56721e-07 	8.36121e-07 	
0.75 	2.76466 	0.0391534 	0.000468811 	1.23649e-06 	7.52138e-07 	7.67371e-07 	8.50029e-07 	
0.76 	3.13235 	0.0459603 	0.000568871 	1.41274e-06 	7.62241e-07 	7.78039e-07 	8.64043e-07 	
0.77 	3.53322 	0.0539991 	0.000687239 	1.64502e-06 	7.72365e-07 	7.88724e-07 	8.78162e-07 	
0.78 	3.96806 	0.0635066 	0.000826826 	1.95174e-06 	7.82517e-07 	7.99427e-07 	8.9239e-07 	
0.79 	4.43752 	0.0747668 	0.000991001 	2.35711e-06 	7.92708e-07 	8.10149e-07 	9.06727e-07 	
0.8 	4.9421 	0.0881199 	0.00118367 	2.89282e-06 	8.02951e-07 	8.20889e-07 	9.21175e-07 	
0.81 	5.4822 	0.103973 	0.00140938 	3.60023e-06 	8.13263e-07 	8.31647e-07 	9.35734e-07 	
0.82 	6.0581 	0.122811 	0.00167341 	4.53295e-06 	8.23667e-07 	8.42425e-07 	9.50408e-07 	
0.83 	6.67001 	0.145209 	0.00198191 	5.76017e-06 	8.34196e-07 	8.53221e-07 	9.65195e-07 	
0.84 	7.31803 	0.171847 	0.00234208 	7.37052e-06 	8.44894e-07 	8.64037e-07 	9.80099e-07 	
0.85 	8.00221 	0.203517 	0.00276232 	9.47686e-06 	8.55817e-07 	8.74873e-07 	9.9512e-07 	
0.86 	8.72257 	0.241143 	0.00325242 	1.22217e-05 	8.67046e-07 	8.85728e-07 	1.01026e-06 	
0.87 	9.47904 	0.285783 	0.00382388 	1.57835e-05 	8.78686e-07 	8.96603e-07 	1.02552e-06 	
0.88 	10.2716 	0.338639 	0.00449014 	2.03839e-05 	8.90881e-07 	9.07499e-07 	1.0409e-06 	
0.89 	11.1 	0.401058 	0.00526696 	2.62954e-05 	9.03822e-07 	9.18416e-07 	1.05641e-06 	
0.9 	11.9642 	0.474527 	0.00617285 	3.38498e-05 	9.1777e-07 	9.29354e-07 	1.07204e-06 	
0.91 	12.8641 	0.560664 	0.00722952 	4.3447e-05 	9.33074e-07 	9.40312e-07 	1.08779e-06 	
0.92 	13.7995 	0.6612 	0.00846257 	5.55644e-05 	9.50204e-07 	9.51293e-07 	1.10367e-06 	
0.93 	14.7701 	0.777952 	0.00990211 	7.07659e-05 	9.69793e-07 	9.62296e-07 	1.11968e-06 	
0.94 	15.7759 	0.912795 	0.0115837 	8.97121e-05 	9.92691e-07 	9.73321e-07 	1.13582e-06 	
0.95 	16.8166 	1.06763 	0.0135495 	0.00011317 	1.02004e-06 	9.8437e-07 	1.15209e-06 	
0.96 	17.892 	1.24434 	0.0158492 	0.000142025 	1.05337e-06 	9.95443e-07 	1.16849e-06 	
0.97 	19.0019 	1.44477 	0.018542 	0.000177292 	1.09474e-06 	1.00654e-06 	1.18503e-06 	
0.98 	20.146 	1.67067 	0.0216982 	0.000220131 	1.14689e-06 	1.01766e-06 	1.2017e-06 	
0.99 	21.3243 	1.9237 	0.0254018 	0.000271867 	1.2135e-06 	1.02882e-06 	1.21851e-06 	
1 	22.5364 	2.20537 	0.0297528 	0.000334009 	1.29946e-06 	1.04e-06 	1.23545e-06 	
1.01 	23.7821 	2.51704 	0.0348711 	0.000408281 	1.41131e-06 	1.05121e-06 	1.25253e-06 	
1.02 	25.0612 	2.85994 	0.0409001 	0.000496656 	1.55772e-06 	1.06246e-06 	1.26976e-06 	
1.03 	26.3735 	3.23512 	0.0480121 	0.0006014 	1.7502e-06 	1.07375e-06 	1.28712e-06 	
1.04 	27.7187 	3.64347 	0.0564136 	0.000725118 	2.00394e-06 	1.08508e-06 	1.30463e-06 	
1.05 	29.0966 	4.08575 	0.0663528 	0.00087082 	2.33898e-06 	1.09647e-06 	1.32228e-06 	
1.06 	30.5069 	4.56258 	0.078127 	0.00104199 	2.78163e-06 	1.10793e-06 	1.34008e-06 	
1.07 	31.9494 	5.07442 	0.0920926 	0.00124267 	3.36625e-06 	1.11946e-06 	1.35803e-06 	
1.08 	33.4239 	5.62168 	0.108675 	0.00147756 	4.13759e-06 	1.1311e-06 	1.37612e-06 	
1.09 	34.93 	6.20462 	0.12838 	0.00175214 	5.15353e-06 	1.14285e-06 	1.39436e-06 	
1.1 	36.4674 	6.82343 	0.151808 	0.00207278 	6.48856e-06 	1.15477e-06 	1.41275e-06 	
1.11 	38.036 	7.47825 	0.179662 	0.00244693 	8.23786e-06 	1.1669e-06 	1.4313e-06 	
1.12 	39.6355 	8.16913 	0.212766 	0.00288329 	1.05222e-05 	1.1793e-06 	1.44999e-06 	
1.13 	41.2654 	8.8961 	0.25207 	0.00339204 	1.34936e-05 	1.19206e-06 	1.46885e-06 	
1.14 	42.9257 	9.65911 	0.298662 	0.00398507 	1.73419e-05 	1.2053e-06 	1.48786e-06 	
1.15 	44.6159 	10.4581 	0.353771 	0.00467632 	2.23017e-05 	1.21917e-06 	1.50702e-06 	
1.16 	46.3357 	11.293 	0.418769 	0.00548216 	2.86603e-05 	1.23388e-06 	1.52635e-06 	
1.17 	48.0849 	12.1638 	0.495159 	0.00642175 	3.67664e-05 	1.24972e-06 	1.54583e-06 	
1.18 	49.8631 	13.0702 	0.58457 	0.00751767 	4.70383e-05 	1.26707e-06 	1.56547e-06 	
1.19 	51.67 	14.0121 	0.688733 	0.00879645 	5.99733e-05 	1.28645e-06 	1.58528e-06 	
1.2 	53.5053 	14.9894 	0.809453 	0.0102894 	7.61569e-05 	1.30854e-06 	1.60526e-06 	
1.21 	55.3686 	16.002 	0.948583 	0.0120335 	9.62721e-05 	1.33429e-06 	1.62539e-06 	
1.22 	57.2596 	17.0496 	1.10799 	0.0140724 	0.00012111 	1.36493e-06 	1.6457e-06 	
1.23 	59.1779 	18.1322 	1.28951 	0.016458 	0.000151581 	1.40213e-06 	1.66617e-06 	
1.24 	61.1233 	19.2494 	1.49493 	0.0192518 	0.000188726 	1.44815e-06 	1.68682e-06 	
1.25 	63.0952 	20.4012 	1.72594 	0.0225271 	0.000233736 	1.50598e-06 	1.70764e-06 	
1.26 	65.0935 	21.5874 	1.98414 	0.0263713 	0.000287968 	1.57961e-06 	1.72864e-06 	
1.27 	67.1176 	22.8077 	2.27096 	0.0308888 	0.000352968 	1.67439e-06 	1.74982e-06 	
1.28 	69.1672 	24.062 	2.58771 	0.0362045 	0.000430505 	1.79742e-06 	1.77117e-06 	
1.29 	71.242 	25.3501 	2.93555 	0.0424682 	0.000522603 	1.95813e-06 	1.79272e-06 	
1.3 	73.3416 	26.6718 	3.31546 	0.0498595 	0.00063159 	2.169e-06 	1.81446e-06 	
1.31 	75.4655 	28.0268 	3.72831 	0.0585939 	0.000760144 	2.44651e-06 	1.83641e-06 	
1.32 	77.6134 	29.415 	4.1748 	0.0689302 	0.000911364 	2.81234e-06 	1.85856e-06 	
1.33 	79.785 	30.8362 	4.65552 	0.0811785 	0.00108884 	3.29491e-06 	1.88094e-06 	
1.34 	81.9796 	32.29 	5.17093 	0.0957096 	0.00129673 	3.93129e-06 	1.90356e-06 	
1.35 	84.1971 	33.7763 	5.72139 	0.112966 	0.0015399 	4.76962e-06 	1.92644e-06 	
1.36 	86.437 	35.2949 	6.30717 	0.133473 	0.00182397 	5.87205e-06 	1.94962e-06 	
1.37 	88.6988 	36.8455 	6.92848 	0.157851 	0.00215555 	7.31832e-06 	1.97312e-06 	
1.38 	90.9821 	38.4279 	7.58544 	0.186828 	0.00254231 	9.21007e-06 	1.99702e-06 	
1.39 	93.2866 	40.0417 	8.27813 	0.221251 	0.00299324 	1.16759e-05 	2.02137e-06 	
1.4 	95.6118 	41.6868 	9.00658 	0.262094 	0.00351884 	1.4877e-05 	2.04627e-06 	
1.41 	97.9573 	43.3629 	9.77079 	0.310468 	0.00413141 	1.90139e-05 	2.07185e-06 	
1.42 	100.323 	45.0697 	10.5707 	0.367622 	0.00484534 	2.43338e-05 	2.09829e-06 	
1.43 	102.708 	46.807 	11.4063 	0.434941 	0.00567753 	3.11381e-05 	2.1258e-06 	
1.44 	105.111 	48.5743 	12.2775 	0.513938 	0.00664782 	3.97909e-05 	2.15472e-06 	
1.45 	107.534 	50.3716 	13.1842 	0.606241 	0.00777952 	5.07274e-05 	2.18544e-06 	
1.46 	109.974 	52.1983 	14.1263 	0.713567 	0.00910011 	6.4463e-05 	2.21854e-06 	
1.47 	112.433 	54.0544 	15.1036 	0.837699 	0.010642 	8.16023e-05 	2.25477e-06 	
1.48 	114.908 	55.9393 	16.1161 	0.980456 	0.0124434 	0.000102848 	2.29514e-06 	
1.49 	117.401 	57.8529 	17.1637 	1.14365 	0.0145496 	0.000129012 	2.34102e-06 	
1.5 	119.91 	59.7947 	18.2461 	1.32908 	0.0170145 	0.000161027 	2.39421e-06 	
1.51 	122.435 	61.7645 	19.3633 	1.53845 	0.0199018 	0.000199958 	2.45717e-06 	
1.52 	124.975 	63.7619 	20.5151 	1.77339 	0.0232876 	0.000247019 	2.53314e-06 	
1.53 	127.531 	65.7866 	21.7013 	2.03541 	0.0272626 	0.000303598 	2.62647e-06 	
1.54 	130.101 	67.8382 	22.9219 	2.32589 	0.0319354 	0.000371274 	2.74295e-06 	
1.55 	132.686 	69.9164 	24.1766 	2.64606 	0.0374357 	0.000451857 	2.89028e-06 	
1.56 	135.285 	72.0207 	25.4653 	2.99701 	0.0439194 	0.000547417 	3.07867e-06 	
1.57 	137.897 	74.1509 	26.7878 	3.37967 	0.0515731 	0.000660338 	3.3216e-06 	
1.58 	140.522 	76.3066 	28.144 	3.79486 	0.060621 	0.000793368 	3.63687e-06 	
1.59 	143.159 	78.4874 	29.5336 	4.24325 	0.071332 	0.000949688 	4.04785e-06 	
1.6 	145.809 	80.6929 	30.9565 	4.72537 	0.0840281 	0.00113298 	4.58512e-06 	
1.61 	148.47 	82.9227 	32.4125 	5.24168 	0.099094 	0.00134754 	5.28849e-06 	
1.62 	151.143 	85.1764 	33.9014 	5.79253 	0.116988 	0.00159834 	6.20955e-06 	
1.63 	153.827 	87.4536 	35.423 	6.37818 	0.138253 	0.00189119 	7.41474e-06 	
1.64 	156.521 	89.754 	36.9772 	6.99884 	0.163529 	0.00223287 	8.98908e-06 	
1.65 	159.225 	92.0772 	38.5635 	7.65463 	0.193563 	0.00263129 	1.10406e-05 	
1.66 	161.939 	94.4227 	40.182 	8.34566 	0.229224 	0.0030957 	1.37056e-05 	
1.67 	164.662 	96.7901 	41.8323 	9.07197 	0.271506 	0.00363691 	1.71544e-05 	
1.68 	167.394 	99.179 	43.5141 	9.83357 	0.321537 	0.0042676 	2.1598e-05 	
1.69 	170.135 	101.589 	45.2273 	10.6305 	0.380579 	0.00500259 	2.72954e-05 	
1.7 	172.883 	104.02 	46.9716 	11.4626 	0.450025 	0.00585929 	3.45614e-05 	
1.71 	175.639 	106.471 	48.7468 	12.33 	0.531389 	0.00685817 	4.37746e-05 	
1.72 	178.403 	108.941 	50.5526 	13.2325 	0.626285 	0.00802328 	5.53859e-05 	
1.73 	181.173 	111.432 	52.3886 	14.1702 	0.736412 	0.00938295 	6.99273e-05 	
1.74 	183.95 	113.941 	54.2547 	15.1428 	0.863519 	0.0109706 	8.80203e-05 	
1.75 	186.733 	116.469 	56.1506 	16.1503 	1.00938 	0.0128259 	0.000110386 	
1.76 	189.521 	119.014 	58.0759 	17.1927 	1.17576 	0.0149955 	0.000137854 	
1.77 	192.315 	121.578 	60.0304 	18.2698 	1.36437 	0.0175351 	0.000171376 	
1.78 	195.115 	124.159 	62.0137 	19.3815 	1.57687 	0.0205107 	0.000212038 	
1.79 	197.918 	126.757 	64.0256 	20.5277 	1.8148 	0.0240011 	0.000261078 	
1.8 	200.726 	129.371 	66.0657 	21.7083 	2.07959 	0.0281004 	0.000319909 	
