0 	1.8 	
0.0001 	1.79997 	
0.0002 	1.79994 	
0.0004 	1.79989 	
0.0008 	1.79977 	
0.0016 	1.79954 	
0.0032 	1.79908 	
0.0064 	1.79817 	
0.0128 	1.79633 	
0.0228 	1.79347 	
0.0328 	1.7906 	
0.0428 	1.78774 	
0.0528 	1.78488 	
0.0628 	1.78201 	
0.0728 	1.77915 	
0.0828 	1.77629 	
0.0928 	1.77343 	
0.1028 	1.77056 	
0.1128 	1.7677 	
0.1228 	1.76484 	
0.1328 	1.76198 	
0.1428 	1.75912 	
0.1528 	1.75626 	
0.1628 	1.7534 	
0.1728 	1.75054 	
0.1828 	1.74768 	
0.1928 	1.74482 	
0.2028 	1.74197 	
0.2128 	1.73911 	
0.2228 	1.73625 	
0.2328 	1.73339 	
0.2428 	1.73054 	
0.2528 	1.72768 	
0.2628 	1.72482 	
0.2728 	1.72197 	
0.2828 	1.71911 	
0.2928 	1.71626 	
0.3028 	1.7134 	
0.3128 	1.71055 	
0.3228 	1.7077 	
0.3328 	1.70484 	
0.3428 	1.70199 	
0.3528 	1.69914 	
0.3628 	1.69628 	
0.3728 	1.69343 	
0.3828 	1.69058 	
0.3928 	1.68773 	
0.4028 	1.68488 	
0.4128 	1.68203 	
0.4228 	1.67918 	
0.4328 	1.67633 	
0.4428 	1.67348 	
0.4528 	1.67063 	
0.4628 	1.66778 	
0.4728 	1.66493 	
0.4828 	1.66209 	
0.4928 	1.65924 	
0.5028 	1.65639 	
0.5128 	1.65354 	
0.5228 	1.6507 	
0.5328 	1.64785 	
0.5428 	1.64501 	
0.5528 	1.64216 	
0.5628 	1.63932 	
0.5728 	1.63647 	
0.5828 	1.63363 	
0.5928 	1.63079 	
0.6028 	1.62794 	
0.6128 	1.6251 	
0.6228 	1.62226 	
0.6328 	1.61941 	
0.6428 	1.61657 	
0.6528 	1.61373 	
0.6628 	1.61089 	
0.6728 	1.60805 	
0.6828 	1.60521 	
0.6928 	1.60237 	
0.7028 	1.59953 	
0.7128 	1.59669 	
0.7228 	1.59385 	
0.7328 	1.59102 	
0.7428 	1.58818 	
0.7528 	1.58534 	
0.7628 	1.5825 	
0.7728 	1.57967 	
0.7828 	1.57683 	
0.7928 	1.574 	
0.8028 	1.57116 	
0.8128 	1.56833 	
0.8228 	1.56549 	
0.8328 	1.56266 	
0.8428 	1.55982 	
0.8528 	1.55699 	
0.8628 	1.55416 	
0.8728 	1.55133 	
0.8828 	1.54849 	
0.8928 	1.54566 	
0.9028 	1.54283 	
0.9128 	1.54 	
0.9228 	1.53717 	
0.9328 	1.53434 	
0.9428 	1.53151 	
0.9528 	1.52868 	
0.9628 	1.52585 	
0.9728 	1.52303 	
0.9828 	1.5202 	
0.9928 	1.51737 	
1.0028 	1.51455 	
1.0128 	1.51172 	
1.0228 	1.50889 	
1.0328 	1.50607 	
1.0428 	1.50324 	
1.0528 	1.50042 	
1.0628 	1.49759 	
1.0728 	1.49477 	
1.0828 	1.49195 	
1.0928 	1.48912 	
1.1028 	1.4863 	
1.1128 	1.48348 	
1.1228 	1.48066 	
1.1328 	1.47784 	
1.1428 	1.47502 	
1.1528 	1.4722 	
1.1628 	1.46938 	
1.1728 	1.46656 	
1.1828 	1.46374 	
1.1928 	1.46092 	
1.2028 	1.4581 	
1.2128 	1.45528 	
1.2228 	1.45247 	
1.2328 	1.44965 	
1.2428 	1.44683 	
1.2528 	1.44402 	
1.2628 	1.4412 	
1.2728 	1.43839 	
1.2828 	1.43557 	
1.2928 	1.43276 	
1.3028 	1.42995 	
1.3128 	1.42713 	
1.3228 	1.42432 	
1.3328 	1.42151 	
1.3428 	1.4187 	
1.3528 	1.41589 	
1.3628 	1.41307 	
1.3728 	1.41026 	
1.3828 	1.40745 	
1.3928 	1.40465 	
1.4028 	1.40184 	
1.4128 	1.39903 	
1.4228 	1.39622 	
1.4328 	1.39341 	
1.4428 	1.39061 	
1.4528 	1.3878 	
1.4628 	1.385 	
1.4728 	1.38219 	
1.4828 	1.37938 	
1.4928 	1.37658 	
1.5028 	1.37378 	
1.5128 	1.37097 	
1.5228 	1.36817 	
1.5328 	1.36537 	
1.5428 	1.36257 	
1.5528 	1.35977 	
1.5628 	1.35696 	
1.5728 	1.35416 	
1.5828 	1.35136 	
1.5928 	1.34856 	
1.6028 	1.34577 	
1.6128 	1.34297 	
1.6228 	1.34017 	
1.6328 	1.33737 	
1.6428 	1.33458 	
1.6528 	1.33178 	
1.6628 	1.32898 	
1.6728 	1.32619 	
1.6828 	1.32339 	
1.6928 	1.3206 	
1.7028 	1.31781 	
1.7128 	1.31501 	
1.7228 	1.31222 	
1.7328 	1.30943 	
1.7428 	1.30664 	
1.7528 	1.30385 	
1.7628 	1.30106 	
1.7728 	1.29827 	
1.7828 	1.29548 	
1.7928 	1.29269 	
1.8028 	1.2899 	
1.8128 	1.28711 	
1.8228 	1.28432 	
1.8328 	1.28154 	
1.8428 	1.27875 	
1.8528 	1.27597 	
1.8628 	1.27318 	
1.8728 	1.2704 	
1.8828 	1.26761 	
1.8928 	1.26483 	
1.9028 	1.26205 	
1.9128 	1.25926 	
1.9228 	1.25648 	
1.9328 	1.2537 	
1.9428 	1.25092 	
1.9528 	1.24814 	
1.9628 	1.24536 	
1.9728 	1.24258 	
1.9828 	1.23981 	
1.9928 	1.23703 	
2.0028 	1.23425 	
2.0128 	1.23147 	
2.0228 	1.2287 	
2.0328 	1.22592 	
2.0428 	1.22315 	
2.0528 	1.22037 	
2.0628 	1.2176 	
2.0728 	1.21483 	
2.0828 	1.21206 	
2.0928 	1.20929 	
2.1028 	1.20651 	
2.1128 	1.20374 	
2.1228 	1.20097 	
2.1328 	1.1982 	
2.1428 	1.19544 	
2.1528 	1.19267 	
2.1628 	1.1899 	
2.1728 	1.18713 	
2.1828 	1.18437 	
2.1928 	1.1816 	
2.2028 	1.17884 	
2.2128 	1.17607 	
2.2228 	1.17331 	
2.2328 	1.17055 	
2.2428 	1.16779 	
2.2528 	1.16502 	
2.2628 	1.16226 	
2.2728 	1.1595 	
2.2828 	1.15674 	
2.2928 	1.15399 	
2.3028 	1.15123 	
2.3128 	1.14847 	
2.3228 	1.14571 	
2.3328 	1.14296 	
2.3428 	1.1402 	
2.3528 	1.13745 	
2.3628 	1.13469 	
2.3728 	1.13194 	
2.3828 	1.12919 	
2.3928 	1.12643 	
2.4028 	1.12368 	
2.4128 	1.12093 	
2.4228 	1.11818 	
2.4328 	1.11543 	
2.4428 	1.11268 	
2.4528 	1.10994 	
2.4628 	1.10719 	
2.4728 	1.10444 	
2.4828 	1.1017 	
2.4928 	1.09895 	
2.5028 	1.09621 	
2.5128 	1.09347 	
2.5228 	1.09072 	
2.5328 	1.08798 	
2.5428 	1.08524 	
2.5528 	1.0825 	
2.5628 	1.07976 	
2.5728 	1.07702 	
2.5828 	1.07428 	
2.5928 	1.07155 	
2.6028 	1.06881 	
2.6128 	1.06607 	
2.6228 	1.06334 	
2.6328 	1.0606 	
2.6428 	1.05787 	
2.6528 	1.05514 	
2.6628 	1.05241 	
2.6728 	1.04968 	
2.6828 	1.04695 	
2.6928 	1.04422 	
2.7028 	1.04149 	
2.7128 	1.03876 	
2.7228 	1.03603 	
2.7328 	1.03331 	
2.7428 	1.03058 	
2.7528 	1.02786 	
2.7628 	1.02513 	
2.7728 	1.02241 	
2.7828 	1.01969 	
2.7928 	1.01697 	
2.8028 	1.01425 	
2.8128 	1.01153 	
2.8228 	1.00881 	
2.8328 	1.00609 	
2.8428 	1.00338 	
2.8528 	1.00066 	
2.8628 	0.997946 	
2.8728 	0.995232 	
2.8828 	0.992519 	
2.8928 	0.989807 	
2.9028 	0.987096 	
2.9128 	0.984386 	
2.9228 	0.981677 	
2.9328 	0.978969 	
2.9428 	0.976262 	
2.9528 	0.973555 	
2.9628 	0.97085 	
2.9728 	0.968146 	
2.9828 	0.965442 	
2.9928 	0.96274 	
3.0028 	0.960039 	
3.0128 	0.957338 	
3.0228 	0.954639 	
3.0328 	0.951941 	
3.0428 	0.949243 	
3.0528 	0.946547 	
3.0628 	0.943852 	
3.0728 	0.941158 	
3.0828 	0.938465 	
3.0928 	0.935772 	
3.1028 	0.933082 	
3.1128 	0.930392 	
3.1228 	0.927703 	
3.1328 	0.925015 	
3.1428 	0.922329 	
3.1528 	0.919643 	
3.1628 	0.916959 	
3.1728 	0.914276 	
3.1828 	0.911593 	
3.1928 	0.908913 	
3.2028 	0.906233 	
3.2128 	0.903554 	
3.2228 	0.900877 	
3.2328 	0.898201 	
3.2428 	0.895526 	
3.2528 	0.892852 	
3.2628 	0.890179 	
3.2728 	0.887508 	
3.2828 	0.884838 	
3.2928 	0.882169 	
3.3028 	0.879502 	
3.3128 	0.876835 	
3.3228 	0.87417 	
3.3328 	0.871507 	
3.3428 	0.868844 	
3.3528 	0.866183 	
3.3628 	0.863524 	
3.3728 	0.860865 	
3.3828 	0.858209 	
3.3928 	0.855553 	
3.4028 	0.852899 	
3.4128 	0.850246 	
3.4228 	0.847595 	
3.4328 	0.844945 	
3.4428 	0.842296 	
3.4528 	0.839649 	
3.4628 	0.837004 	
3.4728 	0.83436 	
3.4828 	0.831717 	
3.4928 	0.829076 	
3.5028 	0.826437 	
3.5128 	0.823799 	
3.5228 	0.821163 	
3.5328 	0.818528 	
3.5428 	0.815895 	
3.5528 	0.813263 	
3.5628 	0.810634 	
3.5728 	0.808005 	
3.5828 	0.805379 	
3.5928 	0.802754 	
3.6028 	0.800131 	
3.6128 	0.79751 	
3.6228 	0.79489 	
3.6328 	0.792272 	
3.6428 	0.789656 	
3.6528 	0.787042 	
3.6628 	0.784429 	
3.6728 	0.781819 	
3.6828 	0.77921 	
3.6928 	0.776604 	
3.7028 	0.773999 	
3.7128 	0.771396 	
3.7228 	0.768795 	
3.7328 	0.766196 	
3.7428 	0.763599 	
3.7528 	0.761004 	
3.7628 	0.758412 	
3.7728 	0.755821 	
3.7828 	0.753232 	
3.7928 	0.750646 	
3.8028 	0.748062 	
3.8128 	0.74548 	
3.8228 	0.7429 	
3.8328 	0.740322 	
3.8428 	0.737747 	
3.8528 	0.735174 	
3.8628 	0.732603 	
3.8728 	0.730035 	
3.8828 	0.727469 	
3.8928 	0.724906 	
3.9028 	0.722345 	
3.9128 	0.719786 	
3.9228 	0.717231 	
3.9328 	0.714677 	
3.9428 	0.712126 	
3.9528 	0.709578 	
3.9628 	0.707033 	
3.9728 	0.70449 	
3.9828 	0.70195 	
3.9928 	0.699413 	
4.0028 	0.696878 	
4.0128 	0.694346 	
4.0228 	0.691818 	
4.0328 	0.689292 	
4.0428 	0.686769 	
4.0528 	0.684249 	
4.0628 	0.681732 	
4.0728 	0.679218 	
4.0828 	0.676707 	
4.0928 	0.6742 	
4.1028 	0.671695 	
4.1128 	0.669194 	
4.1228 	0.666696 	
4.1328 	0.664201 	
4.1428 	0.66171 	
4.1528 	0.659222 	
4.1628 	0.656737 	
4.1728 	0.654256 	
4.1828 	0.651778 	
4.1928 	0.649304 	
4.2028 	0.646834 	
4.2128 	0.644367 	
4.2228 	0.641903 	
4.2328 	0.639444 	
4.2428 	0.636988 	
4.2528 	0.634536 	
4.2628 	0.632087 	
4.2728 	0.629643 	
4.2828 	0.627202 	
4.2928 	0.624766 	
4.3028 	0.622333 	
4.3128 	0.619905 	
4.3228 	0.61748 	
4.3328 	0.615059 	
4.3428 	0.612643 	
4.3528 	0.610231 	
4.3628 	0.607823 	
4.3728 	0.605419 	
4.3828 	0.60302 	
4.3928 	0.600624 	
4.4028 	0.598234 	
4.4128 	0.595847 	
4.4228 	0.593465 	
4.4328 	0.591088 	
4.4428 	0.588715 	
4.4528 	0.586346 	
4.4628 	0.583982 	
4.4728 	0.581623 	
4.4828 	0.579268 	
4.4928 	0.576918 	
4.5028 	0.574573 	
4.5128 	0.572233 	
4.5228 	0.569897 	
4.5328 	0.567566 	
4.5428 	0.56524 	
4.5528 	0.562918 	
4.5628 	0.560602 	
4.5728 	0.558291 	
4.5828 	0.555984 	
4.5928 	0.553683 	
4.6028 	0.551386 	
4.6128 	0.549095 	
4.6228 	0.546808 	
4.6328 	0.544527 	
4.6428 	0.542251 	
4.6528 	0.53998 	
4.6628 	0.537714 	
4.6728 	0.535454 	
4.6828 	0.533198 	
4.6928 	0.530948 	
4.7028 	0.528703 	
4.7128 	0.526464 	
4.7228 	0.52423 	
4.7328 	0.522001 	
4.7428 	0.519777 	
4.7528 	0.517559 	
4.7628 	0.515347 	
4.7728 	0.513139 	
4.7828 	0.510938 	
4.7928 	0.508741 	
4.8028 	0.506551 	
4.8128 	0.504365 	
4.8228 	0.502186 	
4.8328 	0.500012 	
4.8428 	0.497843 	
4.8528 	0.49568 	
4.8628 	0.493523 	
4.8728 	0.491371 	
4.8828 	0.489225 	
4.8928 	0.487085 	
4.9028 	0.48495 	
4.9128 	0.482821 	
4.9228 	0.480698 	
4.9328 	0.47858 	
4.9428 	0.476469 	
4.9528 	0.474363 	
4.9628 	0.472262 	
4.9728 	0.470168 	
4.9828 	0.468079 	
4.9928 	0.465997 	
5.0028 	0.46392 	
5.0128 	0.461849 	
5.0228 	0.459784 	
5.0328 	0.457724 	
5.0428 	0.455671 	
5.0528 	0.453623 	
5.0628 	0.451582 	
5.0728 	0.449546 	
5.0828 	0.447516 	
5.0928 	0.445492 	
5.1028 	0.443475 	
5.1128 	0.441463 	
5.1228 	0.439457 	
5.1328 	0.437457 	
5.1428 	0.435463 	
5.1528 	0.433475 	
5.1628 	0.431493 	
5.1728 	0.429517 	
5.1828 	0.427547 	
5.1928 	0.425584 	
5.2028 	0.423626 	
5.2128 	0.421674 	
5.2228 	0.419729 	
5.2328 	0.417789 	
5.2428 	0.415856 	
5.2528 	0.413928 	
5.2628 	0.412007 	
5.2728 	0.410092 	
5.2828 	0.408183 	
5.2928 	0.40628 	
5.3028 	0.404383 	
5.3128 	0.402492 	
5.3228 	0.400607 	
5.3328 	0.398729 	
5.3428 	0.396856 	
5.3528 	0.39499 	
5.3628 	0.39313 	
5.3728 	0.391276 	
5.3828 	0.389428 	
5.3928 	0.387586 	
5.4028 	0.385751 	
5.4128 	0.383921 	
5.4228 	0.382098 	
5.4328 	0.380281 	
5.4428 	0.37847 	
5.4528 	0.376665 	
5.4628 	0.374866 	
5.4728 	0.373074 	
5.4828 	0.371287 	
5.4928 	0.369507 	
5.5028 	0.367733 	
5.5128 	0.365965 	
5.5228 	0.364204 	
5.5328 	0.362448 	
5.5428 	0.360699 	
5.5528 	0.358956 	
5.5628 	0.357219 	
5.5728 	0.355488 	
5.5828 	0.353763 	
5.5928 	0.352044 	
5.6028 	0.350332 	
5.6128 	0.348626 	
5.6228 	0.346926 	
5.6328 	0.345232 	
5.6428 	0.343544 	
5.6528 	0.341862 	
5.6628 	0.340187 	
5.6728 	0.338517 	
5.6828 	0.336854 	
5.6928 	0.335197 	
5.7028 	0.333546 	
5.7128 	0.331901 	
5.7228 	0.330262 	
5.7328 	0.32863 	
5.7428 	0.327003 	
5.7528 	0.325383 	
5.7628 	0.323768 	
5.7728 	0.32216 	
5.7828 	0.320558 	
5.7928 	0.318962 	
5.8028 	0.317372 	
5.8128 	0.315788 	
5.8228 	0.31421 	
5.8328 	0.312639 	
5.8428 	0.311073 	
5.8528 	0.309513 	
5.8628 	0.30796 	
5.8728 	0.306412 	
5.8828 	0.30487 	
5.8928 	0.303335 	
5.9028 	0.301805 	
5.9128 	0.300282 	
5.9228 	0.298765 	
5.9328 	0.297253 	
5.9428 	0.295748 	
5.9528 	0.294248 	
5.9628 	0.292755 	
5.9728 	0.291267 	
5.9828 	0.289785 	
5.9928 	0.28831 	
6.0028 	0.28684 	
6.0128 	0.285376 	
6.0228 	0.283918 	
6.0328 	0.282466 	
6.0428 	0.28102 	
6.0528 	0.27958 	
6.0628 	0.278146 	
6.0728 	0.276717 	
6.0828 	0.275295 	
6.0928 	0.273878 	
6.1028 	0.272467 	
6.1128 	0.271062 	
6.1228 	0.269663 	
6.1328 	0.26827 	
6.1428 	0.266882 	
6.1528 	0.265501 	
6.1628 	0.264125 	
6.1728 	0.262754 	
6.1828 	0.26139 	
6.1928 	0.260031 	
6.2028 	0.258678 	
6.2128 	0.257331 	
6.2228 	0.25599 	
6.2328 	0.254654 	
6.2428 	0.253324 	
6.2528 	0.252 	
6.2628 	0.250681 	
6.2728 	0.249368 	
6.2828 	0.24806 	
6.2928 	0.246759 	
6.3028 	0.245462 	
6.3128 	0.244172 	
6.3228 	0.242887 	
6.3328 	0.241608 	
6.3428 	0.240334 	
6.3528 	0.239066 	
6.3628 	0.237803 	
6.3728 	0.236546 	
6.3828 	0.235294 	
6.3928 	0.234048 	
6.4028 	0.232808 	
6.4128 	0.231573 	
6.4228 	0.230343 	
6.4328 	0.229119 	
6.4428 	0.2279 	
6.4528 	0.226687 	
6.4628 	0.225479 	
6.4728 	0.224277 	
6.4828 	0.22308 	
6.4928 	0.221888 	
6.5028 	0.220702 	
6.5128 	0.219521 	
6.5228 	0.218345 	
6.5328 	0.217175 	
6.5428 	0.21601 	
6.5528 	0.21485 	
6.5628 	0.213695 	
6.5728 	0.212546 	
6.5828 	0.211402 	
6.5928 	0.210264 	
6.6028 	0.20913 	
6.6128 	0.208002 	
6.6228 	0.206879 	
6.6328 	0.205761 	
6.6428 	0.204648 	
6.6528 	0.203541 	
6.6628 	0.202438 	
6.6728 	0.201341 	
6.6828 	0.200249 	
6.6928 	0.199162 	
6.7028 	0.19808 	
6.7128 	0.197003 	
6.7228 	0.195931 	
6.7328 	0.194864 	
6.7428 	0.193802 	
6.7528 	0.192745 	
6.7628 	0.191693 	
6.7728 	0.190646 	
6.7828 	0.189604 	
6.7928 	0.188567 	
6.8028 	0.187535 	
6.8128 	0.186508 	
6.8228 	0.185486 	
6.8328 	0.184468 	
6.8428 	0.183456 	
6.8528 	0.182448 	
6.8628 	0.181445 	
6.8728 	0.180447 	
6.8828 	0.179454 	
6.8928 	0.178465 	
6.9028 	0.177481 	
6.9128 	0.176502 	
6.9228 	0.175528 	
6.9328 	0.174559 	
6.9428 	0.173594 	
6.9528 	0.172634 	
6.9628 	0.171678 	
6.9728 	0.170727 	
6.9828 	0.169781 	
6.9928 	0.16884 	
7.0028 	0.167903 	
7.0128 	0.16697 	
7.0228 	0.166043 	
7.0328 	0.165119 	
7.0428 	0.164201 	
7.0528 	0.163287 	
7.0628 	0.162377 	
7.0728 	0.161472 	
7.0828 	0.160571 	
7.0928 	0.159675 	
7.1028 	0.158783 	
7.1128 	0.157896 	
7.1228 	0.157013 	
7.1328 	0.156134 	
7.1428 	0.15526 	
7.1528 	0.154391 	
7.1628 	0.153525 	
7.1728 	0.152664 	
7.1828 	0.151807 	
7.1928 	0.150955 	
7.2028 	0.150107 	
7.2128 	0.149263 	
7.2228 	0.148423 	
7.2328 	0.147588 	
7.2428 	0.146757 	
7.2528 	0.14593 	
7.2628 	0.145107 	
7.2728 	0.144288 	
7.2828 	0.143474 	
7.2928 	0.142663 	
7.3028 	0.141857 	
7.3128 	0.141055 	
7.3228 	0.140257 	
7.3328 	0.139463 	
7.3428 	0.138674 	
7.3528 	0.137888 	
7.3628 	0.137106 	
7.3728 	0.136328 	
7.3828 	0.135554 	
7.3928 	0.134785 	
7.4028 	0.134019 	
7.4128 	0.133257 	
7.4228 	0.132499 	
7.4328 	0.131745 	
7.4428 	0.130995 	
7.4528 	0.130249 	
7.4628 	0.129507 	
7.4728 	0.128768 	
7.4828 	0.128033 	
7.4928 	0.127303 	
7.5028 	0.126576 	
7.5128 	0.125852 	
7.5228 	0.125133 	
7.5328 	0.124417 	
7.5428 	0.123705 	
7.5528 	0.122997 	
7.5628 	0.122292 	
7.5728 	0.121592 	
7.5828 	0.120895 	
7.5928 	0.120201 	
7.6028 	0.119511 	
7.6128 	0.118825 	
7.6228 	0.118143 	
7.6328 	0.117464 	
7.6428 	0.116788 	
7.6528 	0.116116 	
7.6628 	0.115448 	
7.6728 	0.114783 	
7.6828 	0.114122 	
7.6928 	0.113465 	
7.7028 	0.112811 	
7.7128 	0.11216 	
7.7228 	0.111513 	
7.7328 	0.110869 	
7.7428 	0.110229 	
7.7528 	0.109592 	
7.7628 	0.108958 	
7.7728 	0.108328 	
7.7828 	0.107701 	
7.7928 	0.107078 	
7.8028 	0.106458 	
7.8128 	0.105841 	
7.8228 	0.105228 	
7.8328 	0.104618 	
7.8428 	0.104011 	
7.8528 	0.103407 	
7.8628 	0.102807 	
7.8728 	0.10221 	
7.8828 	0.101616 	
7.8928 	0.101026 	
7.9028 	0.100438 	
7.9128 	0.0998539 	
7.9228 	0.0992729 	
7.9328 	0.098695 	
7.9428 	0.0981202 	
7.9528 	0.0975485 	
7.9628 	0.09698 	
7.9728 	0.0964146 	
7.9828 	0.0958522 	
7.9928 	0.0952929 	
8.0028 	0.0947367 	
8.0128 	0.0941835 	
8.0228 	0.0936333 	
8.0328 	0.0930861 	
8.0428 	0.0925419 	
8.0528 	0.0920008 	
8.0628 	0.0914625 	
8.0728 	0.0909273 	
8.0828 	0.0903949 	
8.0928 	0.0898655 	
8.1028 	0.089339 	
8.1128 	0.0888154 	
8.1228 	0.0882947 	
8.1328 	0.0877769 	
8.1428 	0.0872619 	
8.1528 	0.0867497 	
8.1628 	0.0862404 	
8.1728 	0.0857339 	
8.1828 	0.0852302 	
8.1928 	0.0847293 	
8.2028 	0.0842312 	
8.2128 	0.0837358 	
8.2228 	0.0832432 	
8.2328 	0.0827533 	
8.2428 	0.0822661 	
8.2528 	0.0817816 	
8.2628 	0.0812999 	
8.2728 	0.0808208 	
8.2828 	0.0803444 	
8.2928 	0.0798706 	
8.3028 	0.0793995 	
8.3128 	0.078931 	
8.3228 	0.0784651 	
8.3328 	0.0780019 	
8.3428 	0.0775412 	
8.3528 	0.0770831 	
8.3628 	0.0766276 	
8.3728 	0.0761746 	
8.3828 	0.0757241 	
8.3928 	0.0752762 	
8.4028 	0.0748308 	
8.4128 	0.0743879 	
8.4228 	0.0739475 	
8.4328 	0.0735096 	
8.4428 	0.0730741 	
8.4528 	0.0726411 	
8.4628 	0.0722105 	
8.4728 	0.0717824 	
8.4828 	0.0713567 	
8.4928 	0.0709333 	
8.5028 	0.0705124 	
8.5128 	0.0700939 	
8.5228 	0.0696777 	
8.5328 	0.0692638 	
8.5428 	0.0688523 	
8.5528 	0.0684432 	
8.5628 	0.0680363 	
8.5728 	0.0676318 	
8.5828 	0.0672296 	
8.5928 	0.0668296 	
8.6028 	0.0664319 	
8.6128 	0.0660365 	
8.6228 	0.0656433 	
8.6328 	0.0652524 	
8.6428 	0.0648637 	
8.6528 	0.0644772 	
8.6628 	0.0640929 	
8.6728 	0.0637108 	
8.6828 	0.0633309 	
8.6928 	0.0629532 	
8.7028 	0.0625776 	
8.7128 	0.0622041 	
8.7228 	0.0618328 	
8.7328 	0.0614636 	
8.7428 	0.0610966 	
8.7528 	0.0607316 	
8.7628 	0.0603687 	
8.7728 	0.0600079 	
8.7828 	0.0596492 	
8.7928 	0.0592925 	
8.8028 	0.0589379 	
8.8128 	0.0585853 	
8.8228 	0.0582347 	
8.8328 	0.0578862 	
8.8428 	0.0575396 	
8.8528 	0.0571951 	
8.8628 	0.0568525 	
8.8728 	0.056512 	
8.8828 	0.0561733 	
8.8928 	0.0558367 	
8.9028 	0.0555019 	
8.9128 	0.0551691 	
8.9228 	0.0548382 	
8.9328 	0.0545093 	
8.9428 	0.0541822 	
8.9528 	0.053857 	
8.9628 	0.0535338 	
8.9728 	0.0532123 	
8.9828 	0.0528928 	
8.9928 	0.0525751 	
9.0028 	0.0522592 	
9.0128 	0.0519452 	
9.0228 	0.0516329 	
9.0328 	0.0513225 	
9.0428 	0.0510139 	
9.0528 	0.0507071 	
9.0628 	0.0504021 	
9.0728 	0.0500988 	
9.0828 	0.0497973 	
9.0928 	0.0494976 	
9.1028 	0.0491996 	
9.1128 	0.0489034 	
9.1228 	0.0486088 	
9.1328 	0.048316 	
9.1428 	0.0480249 	
9.1528 	0.0477355 	
9.1628 	0.0474478 	
9.1728 	0.0471617 	
9.1828 	0.0468773 	
9.1928 	0.0465946 	
9.2028 	0.0463136 	
9.2128 	0.0460341 	
9.2228 	0.0457564 	
9.2328 	0.0454802 	
9.2428 	0.0452056 	
9.2528 	0.0449327 	
9.2628 	0.0446614 	
9.2728 	0.0443916 	
9.2828 	0.0441235 	
9.2928 	0.0438569 	
9.3028 	0.0435918 	
9.3128 	0.0433283 	
9.3228 	0.0430664 	
9.3328 	0.042806 	
9.3428 	0.0425472 	
9.3528 	0.0422898 	
9.3628 	0.042034 	
9.3728 	0.0417796 	
9.3828 	0.0415268 	
9.3928 	0.0412755 	
9.4028 	0.0410256 	
9.4128 	0.0407772 	
9.4228 	0.0405303 	
9.4328 	0.0402848 	
9.4428 	0.0400408 	
9.4528 	0.0397982 	
9.4628 	0.039557 	
9.4728 	0.0393173 	
9.4828 	0.039079 	
9.4928 	0.0388421 	
9.5028 	0.0386065 	
9.5128 	0.0383724 	
9.5228 	0.0381397 	
9.5328 	0.0379083 	
9.5428 	0.0376783 	
9.5528 	0.0374497 	
9.5628 	0.0372224 	
9.5728 	0.0369964 	
9.5828 	0.0367718 	
9.5928 	0.0365486 	
9.6028 	0.0363266 	
9.6128 	0.036106 	
9.6228 	0.0358867 	
9.6328 	0.0356686 	
9.6428 	0.0354519 	
9.6528 	0.0352364 	
9.6628 	0.0350223 	
9.6728 	0.0348094 	
9.6828 	0.0345977 	
9.6928 	0.0343874 	
9.7028 	0.0341782 	
9.7128 	0.0339704 	
9.7228 	0.0337637 	
9.7328 	0.0335583 	
9.7428 	0.0333541 	
9.7528 	0.0331511 	
9.7628 	0.0329493 	
9.7728 	0.0327488 	
9.7828 	0.0325494 	
9.7928 	0.0323512 	
9.8028 	0.0321542 	
9.8128 	0.0319583 	
9.8228 	0.0317637 	
9.8328 	0.0315702 	
9.8428 	0.0313778 	
9.8528 	0.0311866 	
9.8628 	0.0309965 	
9.8728 	0.0308076 	
9.8828 	0.0306198 	
9.8928 	0.0304331 	
9.9028 	0.0302475 	
9.9128 	0.0300631 	
9.9228 	0.0298797 	
9.9328 	0.0296975 	
9.9428 	0.0295163 	
9.9528 	0.0293362 	
9.9628 	0.0291572 	
9.9728 	0.0289793 	
9.9828 	0.0288024 	
9.9928 	0.0286266 	
10 	0.0285006 	
