0 	1.8 	
1e-05 	1.79996 	
2e-05 	1.79993 	
4e-05 	1.79985 	
8e-05 	1.79971 	
0.00016 	1.79941 	
0.00032 	1.79882 	
0.00064 	1.79765 	
0.00128 	1.7953 	
0.00228 	1.79162 	
0.00328 	1.78795 	
0.00428 	1.78428 	
0.00528 	1.78061 	
0.00628 	1.77694 	
0.00728 	1.77328 	
0.00828 	1.76961 	
0.00928 	1.76595 	
0.01028 	1.76229 	
0.01128 	1.75863 	
0.01228 	1.75497 	
0.01328 	1.75131 	
0.01428 	1.74765 	
0.01528 	1.744 	
0.01628 	1.74034 	
0.01728 	1.73669 	
0.01828 	1.73304 	
0.01928 	1.72939 	
0.02028 	1.72574 	
0.02128 	1.72209 	
0.02228 	1.71845 	
0.02328 	1.7148 	
0.02428 	1.71116 	
0.02528 	1.70752 	
0.02628 	1.70388 	
0.02728 	1.70024 	
0.02828 	1.6966 	
0.02928 	1.69296 	
0.03028 	1.68933 	
0.03128 	1.6857 	
0.03228 	1.68206 	
0.03328 	1.67843 	
0.03428 	1.6748 	
0.03528 	1.67117 	
0.03628 	1.66755 	
0.03728 	1.66392 	
0.03828 	1.6603 	
0.03928 	1.65668 	
0.04028 	1.65305 	
0.04128 	1.64943 	
0.04228 	1.64582 	
0.04328 	1.6422 	
0.04428 	1.63858 	
0.04528 	1.63497 	
0.04628 	1.63136 	
0.04728 	1.62774 	
0.04828 	1.62413 	
0.04928 	1.62052 	
0.05028 	1.61692 	
0.05128 	1.61331 	
0.05228 	1.6097 	
0.05328 	1.6061 	
0.05428 	1.6025 	
0.05528 	1.5989 	
0.05628 	1.5953 	
0.05728 	1.5917 	
0.05828 	1.5881 	
0.05928 	1.58451 	
0.06028 	1.58091 	
0.06128 	1.57732 	
0.06228 	1.57373 	
0.06328 	1.57014 	
0.06428 	1.56655 	
0.06528 	1.56297 	
0.06628 	1.55938 	
0.06728 	1.5558 	
0.06828 	1.55221 	
0.06928 	1.54863 	
0.07028 	1.54505 	
0.07128 	1.54147 	
0.07228 	1.5379 	
0.07328 	1.53432 	
0.07428 	1.53074 	
0.07528 	1.52717 	
0.07628 	1.5236 	
0.07728 	1.52003 	
0.07828 	1.51646 	
0.07928 	1.51289 	
0.08028 	1.50933 	
0.08128 	1.50576 	
0.08228 	1.5022 	
0.08328 	1.49864 	
0.08428 	1.49507 	
0.08528 	1.49152 	
0.08628 	1.48796 	
0.08728 	1.4844 	
0.08828 	1.48085 	
0.08928 	1.47729 	
0.09028 	1.47374 	
0.09128 	1.47019 	
0.09228 	1.46664 	
0.09328 	1.46309 	
0.09428 	1.45954 	
0.09528 	1.456 	
0.09628 	1.45245 	
0.09728 	1.44891 	
0.09828 	1.44537 	
0.09928 	1.44183 	
0.10028 	1.43829 	
0.10128 	1.43476 	
0.10228 	1.43122 	
0.10328 	1.42769 	
0.10428 	1.42415 	
0.10528 	1.42062 	
0.10628 	1.41709 	
0.10728 	1.41356 	
0.10828 	1.41004 	
0.10928 	1.40651 	
0.11028 	1.40299 	
0.11128 	1.39946 	
0.11228 	1.39594 	
0.11328 	1.39242 	
0.11428 	1.3889 	
0.11528 	1.38539 	
0.11628 	1.38187 	
0.11728 	1.37836 	
0.11828 	1.37484 	
0.11928 	1.37133 	
0.12028 	1.36782 	
0.12128 	1.36431 	
0.12228 	1.3608 	
0.12328 	1.3573 	
0.12428 	1.35379 	
0.12528 	1.35029 	
0.12628 	1.34679 	
0.12728 	1.34329 	
0.12828 	1.33979 	
0.12928 	1.33629 	
0.13028 	1.3328 	
0.13128 	1.3293 	
0.13228 	1.32581 	
0.13328 	1.32232 	
0.13428 	1.31883 	
0.13528 	1.31534 	
0.13628 	1.31185 	
0.13728 	1.30837 	
0.13828 	1.30488 	
0.13928 	1.3014 	
0.14028 	1.29792 	
0.14128 	1.29444 	
0.14228 	1.29096 	
0.14328 	1.28748 	
0.14428 	1.28401 	
0.14528 	1.28053 	
0.14628 	1.27706 	
0.14728 	1.27359 	
0.14828 	1.27012 	
0.14928 	1.26665 	
0.15028 	1.26318 	
0.15128 	1.25972 	
0.15228 	1.25626 	
0.15328 	1.25279 	
0.15428 	1.24933 	
0.15528 	1.24587 	
0.15628 	1.24241 	
0.15728 	1.23896 	
0.15828 	1.2355 	
0.15928 	1.23205 	
0.16028 	1.2286 	
0.16128 	1.22515 	
0.16228 	1.2217 	
0.16328 	1.21825 	
0.16428 	1.2148 	
0.16528 	1.21136 	
0.16628 	1.20791 	
0.16728 	1.20447 	
0.16828 	1.20103 	
0.16928 	1.19759 	
0.17028 	1.19416 	
0.17128 	1.19072 	
0.17228 	1.18729 	
0.17328 	1.18385 	
0.17428 	1.18042 	
0.17528 	1.17699 	
0.17628 	1.17356 	
0.17728 	1.17014 	
0.17828 	1.16671 	
0.17928 	1.16329 	
0.18028 	1.15987 	
0.18128 	1.15644 	
0.18228 	1.15303 	
0.18328 	1.14961 	
0.18428 	1.14619 	
0.18528 	1.14278 	
0.18628 	1.13936 	
0.18728 	1.13595 	
0.18828 	1.13254 	
0.18928 	1.12913 	
0.19028 	1.12573 	
0.19128 	1.12232 	
0.19228 	1.11892 	
0.19328 	1.11551 	
0.19428 	1.11211 	
0.19528 	1.10871 	
0.19628 	1.10532 	
0.19728 	1.10192 	
0.19828 	1.09853 	
0.19928 	1.09513 	
0.20028 	1.09174 	
0.20128 	1.08835 	
0.20228 	1.08496 	
0.20328 	1.08157 	
0.20428 	1.07819 	
0.20528 	1.07481 	
0.20628 	1.07142 	
0.20728 	1.06804 	
0.20828 	1.06466 	
0.20928 	1.06129 	
0.21028 	1.05791 	
0.21128 	1.05454 	
0.21228 	1.05116 	
0.21328 	1.04779 	
0.21428 	1.04442 	
0.21528 	1.04105 	
0.21628 	1.03769 	
0.21728 	1.03432 	
0.21828 	1.03096 	
0.21928 	1.0276 	
0.22028 	1.02424 	
0.22128 	1.02088 	
0.22228 	1.01752 	
0.22328 	1.01417 	
0.22428 	1.01081 	
0.22528 	1.00746 	
0.22628 	1.00411 	
0.22728 	1.00076 	
0.22828 	0.997417 	
0.22928 	0.994071 	
0.23028 	0.990728 	
0.23128 	0.987386 	
0.23228 	0.984045 	
0.23328 	0.980707 	
0.23428 	0.977369 	
0.23528 	0.974034 	
0.23628 	0.9707 	
0.23728 	0.967368 	
0.23828 	0.964038 	
0.23928 	0.960709 	
0.24028 	0.957382 	
0.24128 	0.954056 	
0.24228 	0.950733 	
0.24328 	0.947411 	
0.24428 	0.94409 	
0.24528 	0.940772 	
0.24628 	0.937455 	
0.24728 	0.93414 	
0.24828 	0.930826 	
0.24928 	0.927514 	
0.25028 	0.924204 	
0.25128 	0.920896 	
0.25228 	0.917589 	
0.25328 	0.914284 	
0.25428 	0.910981 	
0.25528 	0.90768 	
0.25628 	0.90438 	
0.25728 	0.901082 	
0.25828 	0.897786 	
0.25928 	0.894491 	
0.26028 	0.891199 	
0.26128 	0.887908 	
0.26228 	0.884619 	
0.26328 	0.881331 	
0.26428 	0.878046 	
0.26528 	0.874762 	
0.26628 	0.87148 	
0.26728 	0.8682 	
0.26828 	0.864922 	
0.26928 	0.861645 	
0.27028 	0.85837 	
0.27128 	0.855098 	
0.27228 	0.851827 	
0.27328 	0.848557 	
0.27428 	0.84529 	
0.27528 	0.842024 	
0.27628 	0.838761 	
0.27728 	0.835499 	
0.27828 	0.832239 	
0.27928 	0.828981 	
0.28028 	0.825725 	
0.28128 	0.82247 	
0.28228 	0.819218 	
0.28328 	0.815968 	
0.28428 	0.812719 	
0.28528 	0.809472 	
0.28628 	0.806228 	
0.28728 	0.802985 	
0.28828 	0.799744 	
0.28928 	0.796505 	
0.29028 	0.793268 	
0.29128 	0.790033 	
0.29228 	0.7868 	
0.29328 	0.783569 	
0.29428 	0.780339 	
0.29528 	0.777112 	
0.29628 	0.773887 	
0.29728 	0.770664 	
0.29828 	0.767443 	
0.29928 	0.764224 	
0.30028 	0.761007 	
0.30128 	0.757792 	
0.30228 	0.754579 	
0.30328 	0.751368 	
0.30428 	0.748159 	
0.30528 	0.744952 	
0.30628 	0.741748 	
0.30728 	0.738545 	
0.30828 	0.735345 	
0.30928 	0.732146 	
0.31028 	0.72895 	
0.31128 	0.725756 	
0.31228 	0.722564 	
0.31328 	0.719374 	
0.31428 	0.716187 	
0.31528 	0.713002 	
0.31628 	0.709818 	
0.31728 	0.706637 	
0.31828 	0.703459 	
0.31928 	0.700282 	
0.32028 	0.697108 	
0.32128 	0.693936 	
0.32228 	0.690766 	
0.32328 	0.687599 	
0.32428 	0.684434 	
0.32528 	0.681271 	
0.32628 	0.67811 	
0.32728 	0.674952 	
0.32828 	0.671796 	
0.32928 	0.668643 	
0.33028 	0.665492 	
0.33128 	0.662343 	
0.33228 	0.659197 	
0.33328 	0.656053 	
0.33428 	0.652912 	
0.33528 	0.649773 	
0.33628 	0.646637 	
0.33728 	0.643503 	
0.33828 	0.640372 	
0.33928 	0.637243 	
0.34028 	0.634116 	
0.34128 	0.630993 	
0.34228 	0.627872 	
0.34328 	0.624753 	
0.34428 	0.621637 	
0.34528 	0.618524 	
0.34628 	0.615414 	
0.34728 	0.612306 	
0.34828 	0.609201 	
0.34928 	0.606098 	
0.35028 	0.602999 	
0.35128 	0.599902 	
0.35228 	0.596808 	
0.35328 	0.593717 	
0.35428 	0.590629 	
0.35528 	0.587543 	
0.35628 	0.584461 	
0.35728 	0.581381 	
0.35828 	0.578305 	
0.35928 	0.575231 	
0.36028 	0.572161 	
0.36128 	0.569093 	
0.36228 	0.566029 	
0.36328 	0.562968 	
0.36428 	0.55991 	
0.36528 	0.556855 	
0.36628 	0.553803 	
0.36728 	0.550755 	
0.36828 	0.547709 	
0.36928 	0.544668 	
0.37028 	0.541629 	
0.37128 	0.538594 	
0.37228 	0.535562 	
0.37328 	0.532534 	
0.37428 	0.52951 	
0.37528 	0.526489 	
0.37628 	0.523471 	
0.37728 	0.520457 	
0.37828 	0.517447 	
0.37928 	0.514441 	
0.38028 	0.511438 	
0.38128 	0.50844 	
0.38228 	0.505445 	
0.38328 	0.502454 	
0.38428 	0.499467 	
0.38528 	0.496484 	
0.38628 	0.493506 	
0.38728 	0.490531 	
0.38828 	0.487561 	
0.38928 	0.484595 	
0.39028 	0.481633 	
0.39128 	0.478676 	
0.39228 	0.475723 	
0.39328 	0.472775 	
0.39428 	0.469831 	
0.39528 	0.466893 	
0.39628 	0.463959 	
0.39728 	0.461029 	
0.39828 	0.458105 	
0.39928 	0.455186 	
0.40028 	0.452272 	
0.40128 	0.449363 	
0.40228 	0.446459 	
0.40328 	0.443561 	
0.40428 	0.440668 	
0.40528 	0.43778 	
0.40628 	0.434899 	
0.40728 	0.432023 	
0.40828 	0.429153 	
0.40928 	0.426289 	
0.41028 	0.423431 	
0.41128 	0.420579 	
0.41228 	0.417733 	
0.41328 	0.414894 	
0.41428 	0.412062 	
0.41528 	0.409236 	
0.41628 	0.406417 	
0.41728 	0.403604 	
0.41828 	0.400799 	
0.41928 	0.398001 	
0.42028 	0.39521 	
0.42128 	0.392427 	
0.42228 	0.389651 	
0.42328 	0.386883 	
0.42428 	0.384123 	
0.42528 	0.381371 	
0.42628 	0.378627 	
0.42728 	0.375891 	
0.42828 	0.373163 	
0.42928 	0.370445 	
0.43028 	0.367734 	
0.43128 	0.365033 	
0.43228 	0.362341 	
0.43328 	0.359658 	
0.43428 	0.356984 	
0.43528 	0.35432 	
0.43628 	0.351665 	
0.43728 	0.349021 	
0.43828 	0.346386 	
0.43928 	0.343761 	
0.44028 	0.341146 	
0.44128 	0.338542 	
0.44228 	0.335948 	
0.44328 	0.333364 	
0.44428 	0.330792 	
0.44528 	0.32823 	
0.44628 	0.325679 	
0.44728 	0.32314 	
0.44828 	0.320611 	
0.44928 	0.318094 	
0.45028 	0.315589 	
0.45128 	0.313095 	
0.45228 	0.310613 	
0.45328 	0.308142 	
0.45428 	0.305684 	
0.45528 	0.303237 	
0.45628 	0.300803 	
0.45728 	0.29838 	
0.45828 	0.29597 	
0.45928 	0.293573 	
0.46028 	0.291187 	
0.46128 	0.288814 	
0.46228 	0.286454 	
0.46328 	0.284106 	
0.46428 	0.281771 	
0.46528 	0.279449 	
0.46628 	0.27714 	
0.46728 	0.274843 	
0.46828 	0.272559 	
0.46928 	0.270289 	
0.47028 	0.268031 	
0.47128 	0.265786 	
0.47228 	0.263554 	
0.47328 	0.261336 	
0.47428 	0.25913 	
0.47528 	0.256938 	
0.47628 	0.254759 	
0.47728 	0.252593 	
0.47828 	0.25044 	
0.47928 	0.2483 	
0.48028 	0.246174 	
0.48128 	0.24406 	
0.48228 	0.24196 	
0.48328 	0.239874 	
0.48428 	0.2378 	
0.48528 	0.23574 	
0.48628 	0.233693 	
0.48728 	0.23166 	
0.48828 	0.229639 	
0.48928 	0.227632 	
0.49028 	0.225638 	
0.49128 	0.223657 	
0.49228 	0.22169 	
0.49328 	0.219735 	
0.49428 	0.217794 	
0.49528 	0.215866 	
0.49628 	0.213951 	
0.49728 	0.21205 	
0.49828 	0.210161 	
0.49928 	0.208286 	
0.50028 	0.206423 	
0.50128 	0.204574 	
0.50228 	0.202737 	
0.50328 	0.200914 	
0.50428 	0.199103 	
0.50528 	0.197306 	
0.50628 	0.195521 	
0.50728 	0.193749 	
0.50828 	0.19199 	
0.50928 	0.190244 	
0.51028 	0.18851 	
0.51128 	0.186789 	
0.51228 	0.185081 	
0.51328 	0.183386 	
0.51428 	0.181703 	
0.51528 	0.180032 	
0.51628 	0.178374 	
0.51728 	0.176729 	
0.51828 	0.175096 	
0.51928 	0.173475 	
0.52028 	0.171867 	
0.52128 	0.170271 	
0.52228 	0.168687 	
0.52328 	0.167115 	
0.52428 	0.165555 	
0.52528 	0.164008 	
0.52628 	0.162473 	
0.52728 	0.160949 	
0.52828 	0.159438 	
0.52928 	0.157938 	
0.53028 	0.15645 	
0.53128 	0.154974 	
0.53228 	0.15351 	
0.53328 	0.152057 	
0.53428 	0.150616 	
0.53528 	0.149187 	
0.53628 	0.147769 	
0.53728 	0.146363 	
0.53828 	0.144968 	
0.53928 	0.143584 	
0.54028 	0.142211 	
0.54128 	0.14085 	
0.54228 	0.1395 	
0.54328 	0.138161 	
0.54428 	0.136833 	
0.54528 	0.135517 	
0.54628 	0.134211 	
0.54728 	0.132916 	
0.54828 	0.131631 	
0.54928 	0.130358 	
0.55028 	0.129095 	
0.55128 	0.127843 	
0.55228 	0.126601 	
0.55328 	0.12537 	
0.55428 	0.12415 	
0.55528 	0.12294 	
0.55628 	0.12174 	
0.55728 	0.12055 	
0.55828 	0.119371 	
0.55928 	0.118202 	
0.56028 	0.117042 	
0.56128 	0.115893 	
0.56228 	0.114754 	
0.56328 	0.113625 	
0.56428 	0.112506 	
0.56528 	0.111396 	
0.56628 	0.110296 	
0.56728 	0.109206 	
0.56828 	0.108125 	
0.56928 	0.107054 	
0.57028 	0.105993 	
0.57128 	0.10494 	
0.57228 	0.103898 	
0.57328 	0.102864 	
0.57428 	0.10184 	
0.57528 	0.100824 	
0.57628 	0.0998183 	
0.57728 	0.0988212 	
0.57828 	0.0978331 	
0.57928 	0.096854 	
0.58028 	0.0958836 	
0.58128 	0.0949221 	
0.58228 	0.0939693 	
0.58328 	0.0930251 	
0.58428 	0.0920896 	
0.58528 	0.0911626 	
0.58628 	0.0902441 	
0.58728 	0.089334 	
0.58828 	0.0884322 	
0.58928 	0.0875388 	
0.59028 	0.0866536 	
0.59128 	0.0857765 	
0.59228 	0.0849076 	
0.59328 	0.0840467 	
0.59428 	0.0831939 	
0.59528 	0.0823489 	
0.59628 	0.0815119 	
0.59728 	0.0806826 	
0.59828 	0.0798612 	
0.59928 	0.0790474 	
0.60028 	0.0782412 	
0.60128 	0.0774427 	
0.60228 	0.0766516 	
0.60328 	0.075868 	
0.60428 	0.0750918 	
0.60528 	0.074323 	
0.60628 	0.0735615 	
0.60728 	0.0728071 	
0.60828 	0.07206 	
0.60928 	0.07132 	
0.61028 	0.070587 	
0.61128 	0.069861 	
0.61228 	0.069142 	
0.61328 	0.0684299 	
0.61428 	0.0677246 	
0.61528 	0.0670261 	
0.61628 	0.0663343 	
0.61728 	0.0656492 	
0.61828 	0.0649706 	
0.61928 	0.0642987 	
0.62028 	0.0636332 	
0.62128 	0.0629743 	
0.62228 	0.0623217 	
0.62328 	0.0616754 	
0.62428 	0.0610354 	
0.62528 	0.0604017 	
0.62628 	0.0597741 	
0.62728 	0.0591527 	
0.62828 	0.0585374 	
0.62928 	0.0579281 	
0.63028 	0.0573248 	
0.63128 	0.0567274 	
0.63228 	0.0561358 	
0.63328 	0.0555501 	
0.63428 	0.0549702 	
0.63528 	0.054396 	
0.63628 	0.0538274 	
0.63728 	0.0532645 	
0.63828 	0.0527072 	
0.63928 	0.0521554 	
0.64028 	0.051609 	
0.64128 	0.0510681 	
0.64228 	0.0505326 	
0.64328 	0.0500024 	
0.64428 	0.0494775 	
0.64528 	0.0489578 	
0.64628 	0.0484434 	
0.64728 	0.047934 	
0.64828 	0.0474298 	
0.64928 	0.0469306 	
0.65028 	0.0464365 	
0.65128 	0.0459473 	
0.65228 	0.045463 	
0.65328 	0.0449836 	
0.65428 	0.044509 	
0.65528 	0.0440392 	
0.65628 	0.0435741 	
0.65728 	0.0431138 	
0.65828 	0.0426581 	
0.65928 	0.042207 	
0.66028 	0.0417605 	
0.66128 	0.0413185 	
0.66228 	0.040881 	
0.66328 	0.0404479 	
0.66428 	0.0400192 	
0.66528 	0.0395949 	
0.66628 	0.039175 	
0.66728 	0.0387593 	
0.66828 	0.0383478 	
0.66928 	0.0379406 	
0.67028 	0.0375375 	
0.67128 	0.0371385 	
0.67228 	0.0367436 	
0.67328 	0.0363528 	
0.67428 	0.0359659 	
0.67528 	0.0355831 	
0.67628 	0.0352042 	
0.67728 	0.0348291 	
0.67828 	0.0344579 	
0.67928 	0.0340906 	
0.68028 	0.033727 	
0.68128 	0.0333672 	
0.68228 	0.0330111 	
0.68328 	0.0326586 	
0.68428 	0.0323098 	
0.68528 	0.0319646 	
0.68628 	0.031623 	
0.68728 	0.0312849 	
0.68828 	0.0309503 	
0.68928 	0.0306192 	
0.69028 	0.0302915 	
0.69128 	0.0299673 	
0.69228 	0.0296464 	
0.69328 	0.0293288 	
0.69428 	0.0290145 	
0.69528 	0.0287035 	
0.69628 	0.0283957 	
0.69728 	0.0280912 	
0.69828 	0.0277898 	
0.69928 	0.0274916 	
0.70028 	0.0271964 	
0.70128 	0.0269044 	
0.70228 	0.0266154 	
0.70328 	0.0263294 	
0.70428 	0.0260465 	
0.70528 	0.0257664 	
0.70628 	0.0254894 	
0.70728 	0.0252152 	
0.70828 	0.0249439 	
0.70928 	0.0246754 	
0.71028 	0.0244098 	
0.71128 	0.024147 	
0.71228 	0.0238869 	
0.71328 	0.0236295 	
0.71428 	0.0233749 	
0.71528 	0.0231229 	
0.71628 	0.0228736 	
0.71728 	0.0226269 	
0.71828 	0.0223829 	
0.71928 	0.0221414 	
0.72028 	0.0219024 	
0.72128 	0.021666 	
0.72228 	0.021432 	
0.72328 	0.0212006 	
0.72428 	0.0209716 	
0.72528 	0.020745 	
0.72628 	0.0205208 	
0.72728 	0.0202989 	
0.72828 	0.0200795 	
0.72928 	0.0198623 	
0.73028 	0.0196475 	
0.73128 	0.0194349 	
0.73228 	0.0192246 	
0.73328 	0.0190165 	
0.73428 	0.0188106 	
0.73528 	0.018607 	
0.73628 	0.0184054 	
0.73728 	0.0182061 	
0.73828 	0.0180088 	
0.73928 	0.0178137 	
0.74028 	0.0176206 	
0.74128 	0.0174296 	
0.74228 	0.0172406 	
0.74328 	0.0170536 	
0.74428 	0.0168686 	
0.74528 	0.0166856 	
0.74628 	0.0165046 	
0.74728 	0.0163254 	
0.74828 	0.0161482 	
0.74928 	0.0159729 	
0.75028 	0.0157995 	
0.75128 	0.0156279 	
0.75228 	0.0154581 	
0.75328 	0.0152902 	
0.75428 	0.015124 	
0.75528 	0.0149597 	
0.75628 	0.0147971 	
0.75728 	0.0146362 	
0.75828 	0.0144771 	
0.75928 	0.0143196 	
0.76028 	0.0141639 	
0.76128 	0.0140098 	
0.76228 	0.0138574 	
0.76328 	0.0137066 	
0.76428 	0.0135574 	
0.76528 	0.0134099 	
0.76628 	0.0132639 	
0.76728 	0.0131195 	
0.76828 	0.0129766 	
0.76928 	0.0128353 	
0.77028 	0.0126955 	
0.77128 	0.0125572 	
0.77228 	0.0124204 	
0.77328 	0.012285 	
0.77428 	0.0121511 	
0.77528 	0.0120187 	
0.77628 	0.0118877 	
0.77728 	0.011758 	
0.77828 	0.0116298 	
0.77928 	0.011503 	
0.78028 	0.0113775 	
0.78128 	0.0112534 	
0.78228 	0.0111307 	
0.78328 	0.0110092 	
0.78428 	0.0108891 	
0.78528 	0.0107702 	
0.78628 	0.0106527 	
0.78728 	0.0105364 	
0.78828 	0.0104214 	
0.78928 	0.0103076 	
0.79028 	0.010195 	
0.79128 	0.0100837 	
0.79228 	0.00997356 	
0.79328 	0.00986461 	
0.79428 	0.00975685 	
0.79528 	0.00965024 	
0.79628 	0.0095448 	
0.79728 	0.00944049 	
0.79828 	0.00933731 	
0.79928 	0.00923525 	
0.80028 	0.0091343 	
0.80128 	0.00903444 	
0.80228 	0.00893566 	
0.80328 	0.00883795 	
0.80428 	0.0087413 	
0.80528 	0.0086457 	
0.80628 	0.00855113 	
0.80728 	0.00845759 	
0.80828 	0.00836507 	
0.80928 	0.00827355 	
0.81028 	0.00818302 	
0.81128 	0.00809347 	
0.81228 	0.0080049 	
0.81328 	0.00791729 	
0.81428 	0.00783063 	
0.81528 	0.00774491 	
0.81628 	0.00766012 	
0.81728 	0.00757625 	
0.81828 	0.0074933 	
0.81928 	0.00741124 	
0.82028 	0.00733008 	
0.82128 	0.0072498 	
0.82228 	0.00717039 	
0.82328 	0.00709185 	
0.82428 	0.00701416 	
0.82528 	0.00693732 	
0.82628 	0.00686131 	
0.82728 	0.00678613 	
0.82828 	0.00671176 	
0.82928 	0.00663821 	
0.83028 	0.00656546 	
0.83128 	0.0064935 	
0.83228 	0.00642232 	
0.83328 	0.00635192 	
0.83428 	0.00628228 	
0.83528 	0.00621341 	
0.83628 	0.00614528 	
0.83728 	0.0060779 	
0.83828 	0.00601125 	
0.83928 	0.00594533 	
0.84028 	0.00588013 	
0.84128 	0.00581563 	
0.84228 	0.00575184 	
0.84328 	0.00568875 	
0.84428 	0.00562634 	
0.84528 	0.00556462 	
0.84628 	0.00550357 	
0.84728 	0.00544318 	
0.84828 	0.00538346 	
0.84928 	0.00532438 	
0.85028 	0.00526595 	
0.85128 	0.00520816 	
0.85228 	0.005151 	
0.85328 	0.00509446 	
0.85428 	0.00503855 	
0.85528 	0.00498324 	
0.85628 	0.00492853 	
0.85728 	0.00487443 	
0.85828 	0.00482091 	
0.85928 	0.00476798 	
0.86028 	0.00471563 	
0.86128 	0.00466385 	
0.86228 	0.00461263 	
0.86328 	0.00456198 	
0.86428 	0.00451188 	
0.86528 	0.00446232 	
0.86628 	0.00441331 	
0.86728 	0.00436484 	
0.86828 	0.00431689 	
0.86928 	0.00426947 	
0.87028 	0.00422257 	
0.87128 	0.00417618 	
0.87228 	0.0041303 	
0.87328 	0.00408492 	
0.87428 	0.00404004 	
0.87528 	0.00399564 	
0.87628 	0.00395174 	
0.87728 	0.00390831 	
0.87828 	0.00386536 	
0.87928 	0.00382288 	
0.88028 	0.00378087 	
0.88128 	0.00373931 	
0.88228 	0.00369821 	
0.88328 	0.00365756 	
0.88428 	0.00361736 	
0.88528 	0.0035776 	
0.88628 	0.00353827 	
0.88728 	0.00349937 	
0.88828 	0.0034609 	
0.88928 	0.00342285 	
0.89028 	0.00338522 	
0.89128 	0.00334799 	
0.89228 	0.00331118 	
0.89328 	0.00327477 	
0.89428 	0.00323876 	
0.89528 	0.00320315 	
0.89628 	0.00316792 	
0.89728 	0.00313308 	
0.89828 	0.00309862 	
0.89928 	0.00306455 	
0.90028 	0.00303084 	
0.90128 	0.0029975 	
0.90228 	0.00296453 	
0.90328 	0.00293192 	
0.90428 	0.00289967 	
0.90528 	0.00286778 	
0.90628 	0.00283623 	
0.90728 	0.00280503 	
0.90828 	0.00277417 	
0.90928 	0.00274365 	
0.91028 	0.00271346 	
0.91128 	0.00268361 	
0.91228 	0.00265408 	
0.91328 	0.00262488 	
0.91428 	0.00259599 	
0.91528 	0.00256743 	
0.91628 	0.00253918 	
0.91728 	0.00251123 	
0.91828 	0.0024836 	
0.91928 	0.00245627 	
0.92028 	0.00242923 	
0.92128 	0.0024025 	
0.92228 	0.00237606 	
0.92328 	0.00234991 	
0.92428 	0.00232404 	
0.92528 	0.00229846 	
0.92628 	0.00227316 	
0.92728 	0.00224814 	
0.92828 	0.0022234 	
0.92928 	0.00219892 	
0.93028 	0.00217472 	
0.93128 	0.00215078 	
0.93228 	0.0021271 	
0.93328 	0.00210368 	
0.93428 	0.00208052 	
0.93528 	0.00205762 	
0.93628 	0.00203496 	
0.93728 	0.00201256 	
0.93828 	0.0019904 	
0.93928 	0.00196849 	
0.94028 	0.00194681 	
0.94128 	0.00192538 	
0.94228 	0.00190418 	
0.94328 	0.00188321 	
0.94428 	0.00186247 	
0.94528 	0.00184196 	
0.94628 	0.00182168 	
0.94728 	0.00180162 	
0.94828 	0.00178178 	
0.94928 	0.00176216 	
0.95028 	0.00174275 	
0.95128 	0.00172356 	
0.95228 	0.00170457 	
0.95328 	0.0016858 	
0.95428 	0.00166723 	
0.95528 	0.00164887 	
0.95628 	0.00163071 	
0.95728 	0.00161275 	
0.95828 	0.00159499 	
0.95928 	0.00157742 	
0.96028 	0.00156004 	
0.96128 	0.00154286 	
0.96228 	0.00152586 	
0.96328 	0.00150906 	
0.96428 	0.00149243 	
0.96528 	0.00147599 	
0.96628 	0.00145973 	
0.96728 	0.00144365 	
0.96828 	0.00142775 	
0.96928 	0.00141202 	
0.97028 	0.00139646 	
0.97128 	0.00138108 	
0.97228 	0.00136586 	
0.97328 	0.00135082 	
0.97428 	0.00133593 	
0.97528 	0.00132122 	
0.97628 	0.00130666 	
0.97728 	0.00129226 	
0.97828 	0.00127802 	
0.97928 	0.00126394 	
0.98028 	0.00125002 	
0.98128 	0.00123624 	
0.98228 	0.00122262 	
0.98328 	0.00120915 	
0.98428 	0.00119583 	
0.98528 	0.00118265 	
0.98628 	0.00116962 	
0.98728 	0.00115673 	
0.98828 	0.00114398 	
0.98928 	0.00113138 	
0.99028 	0.00111891 	
0.99128 	0.00110658 	
0.99228 	0.00109438 	
0.99328 	0.00108232 	
0.99428 	0.0010704 	
0.99528 	0.0010586 	
0.99628 	0.00104693 	
0.99728 	0.0010354 	
0.99828 	0.00102399 	
0.99928 	0.0010127 	
1 	0.00100465 	
